"","mode","alt","chid","X1.0","X0.1"
"1",0,"beach",1,-15.793,0.0678
"2",0,"boat",1,-15.793,0.2601
"3",1,"charter",1,-18.293,0.5391
"4",0,"pier",1,-15.793,0.0503
"13",0,"beach",4,-1.5134,0.0678
"14",0,"boat",4,-5.593,0.1643
"15",0,"charter",4,-8.493,0.5391
"16",1,"pier",4,-1.5134,0.0789
"21",0,"beach",6,-19.2474,0.5333
"22",0,"boat",6,-2.8934,0.1665
"23",1,"charter",6,-6.3934,0.3975
"24",0,"pier",6,-19.2474,0.4522
"29",0,"beach",8,-1.5134,0.0678
"30",0,"boat",8,-2.1714,0.0102
"31",1,"charter",8,-5.6714,0.0209
"32",0,"pier",8,-1.5134,0.0789
"33",0,"beach",9,-3.4914,0.2537
"34",1,"boat",9,-3.4914,0.0233
"35",0,"charter",9,-5.3414,0.0219
"36",0,"pier",9,-3.4914,0.1498
"37",0,"beach",10,-2.8314,0.2537
"38",1,"boat",10,-2.8314,0.0233
"39",0,"charter",10,-4.6814,0.0219
"40",0,"pier",10,-2.8314,0.1498
"41",0,"beach",11,-3.4914,0.1049
"42",0,"boat",11,-2.4334,0.1574
"43",0,"charter",11,-4.8334,0.4671
"44",1,"pier",11,-3.4914,0.0451
"45",0,"beach",12,-31.2144,0.5333
"46",1,"boat",12,-1.6722,0.2413
"47",0,"charter",12,-5.1722,1.0266
"48",0,"pier",12,-31.2144,0.4522
"49",0,"beach",13,-1.7862,0.1049
"50",0,"boat",13,-0.4122,0.0023
"51",0,"charter",13,-2.8122,0.0046
"52",1,"pier",13,-1.7862,0.0451
"53",0,"beach",14,-1.5134,0.0678
"54",0,"boat",14,-5.593,0.0014
"55",0,"charter",14,-8.493,0.0029
"56",1,"pier",14,-1.5134,0.0789
"57",1,"beach",15,-7.4514,0.2537
"58",0,"boat",15,-7.4514,0.2339
"59",0,"charter",15,-9.3014,0.6288
"60",0,"pier",15,-7.4514,0.1498
"61",0,"beach",16,-3.3534,0.0678
"62",0,"boat",16,-12.393,0.1643
"63",0,"charter",16,-15.293,0.5391
"64",1,"pier",16,-3.3534,0.0789
"73",0,"beach",19,-21.1344,0.5333
"74",1,"boat",19,-1.1322,0.0361
"75",0,"charter",19,-4.6322,0.4216
"76",0,"pier",19,-21.1344,0.0069
"81",0,"beach",21,-34.5744,0.5333
"82",0,"boat",21,-1.8522,0.0156
"83",1,"charter",21,-5.3522,0.0058
"84",0,"pier",21,-34.5744,0.4522
"89",0,"beach",23,-10.0674,0.5333
"90",1,"boat",23,-1.5134,0.1665
"91",0,"charter",23,-5.0134,0.3975
"92",0,"pier",23,-10.0674,0.4522
"101",1,"beach",26,-6.7784,0.5333
"102",0,"boat",26,-1.7862,0.2413
"103",0,"charter",26,-5.2862,1.0266
"104",0,"pier",26,-6.7784,0.4522
"105",0,"beach",27,-5.032,0.1049
"106",0,"boat",27,-4.9062,0.1574
"107",0,"charter",27,-7.3062,0.4671
"108",1,"pier",27,-5.032,0.0451
"109",0,"beach",28,-7.2462,0.0678
"110",1,"boat",28,-7.432,0.0897
"111",0,"charter",28,-10.932,1.0905
"112",0,"pier",28,-7.2462,0.0789
"117",0,"beach",30,-13.1274,0.5333
"118",0,"boat",30,-1.9734,0.0156
"119",1,"charter",30,-5.4734,0.0058
"120",0,"pier",30,-13.1274,0.4522
"121",0,"beach",31,-2.8314,0.1049
"122",0,"boat",31,-1.9734,0.0023
"123",1,"charter",31,-4.3734,0.0046
"124",0,"pier",31,-2.8314,0.0451
"125",0,"beach",32,-4.9062,0.1049
"126",0,"boat",32,-1.1322,0.0613
"127",1,"charter",32,-3.5322,0.3087
"128",0,"pier",32,-4.9062,0.0079
"129",0,"beach",33,-3.3462,0.1049
"130",1,"boat",33,-0.7722,0.0023
"131",0,"charter",33,-3.1722,0.0046
"132",0,"pier",33,-3.3462,0.0451
"141",0,"beach",36,-14.4144,0.5333
"142",0,"boat",36,-0.7722,0.0361
"143",1,"charter",36,-4.2722,0.4216
"144",0,"pier",36,-14.4144,0.0069
"145",0,"beach",37,-12.0004,0.0678
"146",0,"boat",37,-25.264,0.0014
"147",0,"charter",37,-28.164,0.0029
"148",1,"pier",37,-12.0004,0.0789
"149",0,"beach",38,-2.5648,0.2537
"150",1,"boat",38,-8.0608,0.0531
"151",0,"charter",38,-10.5608,0.0052
"152",0,"pier",38,-2.5648,0.1498
"161",0,"beach",41,-1.0296,0.0678
"162",1,"boat",41,-4.6332,0.1643
"163",0,"charter",41,-7.5332,0.5391
"164",0,"pier",41,-1.0296,0.0789
"173",0,"beach",44,-5.9248,0.2537
"174",0,"boat",44,-18.6208,0.7369
"175",1,"charter",44,-21.1208,2.3101
"176",0,"pier",44,-5.9248,0.1498
"185",0,"beach",47,-34.1872,0.5333
"186",0,"boat",47,-2.2296,0.2413
"187",1,"charter",47,-5.7296,1.0266
"188",0,"pier",47,-34.1872,0.4522
"189",0,"beach",48,-8.0608,0.5333
"190",0,"boat",48,-1.7404,0.2413
"191",1,"charter",48,-5.2404,1.0266
"192",0,"pier",48,-8.0608,0.4522
"193",1,"beach",49,-2.4334,0.0678
"194",0,"boat",49,-8.993,0.1643
"195",0,"charter",49,-11.893,0.5391
"196",0,"pier",49,-2.4334,0.0789
"201",0,"beach",51,-17.7744,0.5333
"202",0,"boat",51,-0.9522,0.0156
"203",1,"charter",51,-4.4522,0.0058
"204",0,"pier",51,-17.7744,0.4522
"209",0,"beach",53,-17.7744,0.5333
"210",1,"boat",53,-0.9522,0.2413
"211",0,"charter",53,-4.4522,1.0266
"212",0,"pier",53,-17.7744,0.4522
"213",0,"beach",54,-7.0074,0.5333
"214",1,"boat",54,-1.0534,0.0361
"215",0,"charter",54,-4.5534,0.4216
"216",0,"pier",54,-7.0074,0.0069
"233",0,"beach",59,-24.4944,0.5333
"234",1,"boat",59,-1.3122,0.0156
"235",0,"charter",59,-4.8122,0.0058
"236",0,"pier",59,-24.4944,0.4522
"237",0,"beach",60,-14.4144,0.5333
"238",0,"boat",60,-0.7722,0.2413
"239",1,"charter",60,-4.2722,1.0266
"240",0,"pier",60,-14.4144,0.4522
"241",0,"beach",61,-0.5922,0.0678
"242",0,"boat",61,-4.8692,0.0014
"243",0,"charter",61,-7.7692,0.0029
"244",1,"pier",61,-0.5922,0.0789
"245",0,"beach",62,-9.3092,0.0678
"246",0,"boat",62,-9.3092,0.2601
"247",0,"charter",62,-11.8092,0.5391
"248",1,"pier",62,-9.3092,0.0503
"249",0,"beach",63,-17.7744,0.5333
"250",0,"boat",63,-0.9522,0.0361
"251",1,"charter",63,-4.4522,0.4216
"252",0,"pier",63,-17.7744,0.0069
"253",0,"beach",64,-4.1262,0.1049
"254",1,"boat",64,-0.9522,0.1574
"255",0,"charter",64,-3.3522,0.4671
"256",0,"pier",64,-4.1262,0.0451
"265",0,"beach",67,-17.7744,0.5333
"266",1,"boat",67,-0.9522,0.2413
"267",0,"charter",67,-4.4522,1.0266
"268",0,"pier",67,-17.7744,0.4522
"269",0,"beach",68,-17.7744,0.5333
"270",0,"boat",68,-0.9522,0.1665
"271",1,"charter",68,-4.4522,0.3975
"272",0,"pier",68,-17.7744,0.4522
"273",0,"beach",69,-24.4944,0.5333
"274",1,"boat",69,-1.3122,0.2413
"275",0,"charter",69,-4.8122,1.0266
"276",0,"pier",69,-24.4944,0.4522
"277",0,"beach",70,-3.3462,0.1049
"278",0,"boat",70,-0.7722,0.1574
"279",0,"charter",70,-3.1722,0.4671
"280",1,"pier",70,-3.3462,0.0451
"281",0,"beach",71,-3.3462,0.1049
"282",1,"boat",71,-0.7722,0.0023
"283",0,"charter",71,-3.1722,0.0046
"284",0,"pier",71,-3.3462,0.0451
"301",1,"beach",76,-0.9522,0.0678
"302",0,"boat",76,-7.8292,0.1643
"303",0,"charter",76,-10.7292,0.5391
"304",0,"pier",76,-0.9522,0.0789
"305",1,"beach",77,-2.4696,0.0678
"306",0,"boat",77,-11.1132,0.1643
"307",0,"charter",77,-14.0132,0.5391
"308",0,"pier",77,-2.4696,0.0789
"309",0,"beach",78,-3.3892,0.0678
"310",1,"boat",78,-3.3892,0.2601
"311",0,"charter",78,-5.8892,0.5391
"312",0,"pier",78,-3.3892,0.0503
"313",0,"beach",79,-14.4144,0.5333
"314",0,"boat",79,-0.7722,0.0361
"315",1,"charter",79,-4.2722,0.4216
"316",0,"pier",79,-14.4144,0.0069
"317",0,"beach",80,-11.0544,0.5333
"318",1,"boat",80,-0.5922,0.2413
"319",0,"charter",80,-4.0922,1.0266
"320",0,"pier",80,-11.0544,0.4522
"329",0,"beach",83,-17.7744,0.5333
"330",1,"boat",83,-0.9522,0.1665
"331",0,"charter",83,-4.4522,0.3975
"332",0,"pier",83,-17.7744,0.4522
"333",0,"beach",84,-1.7862,0.1049
"334",1,"boat",84,-0.4122,0.1574
"335",0,"charter",84,-2.8122,0.4671
"336",0,"pier",84,-1.7862,0.0451
"337",0,"beach",85,-3.3462,0.2537
"338",0,"boat",85,-3.3462,0.0626
"339",1,"charter",85,-5.1962,0.2773
"340",0,"pier",85,-3.3462,0.0014
"341",0,"beach",86,-0.8514,0.2537
"342",1,"boat",86,-3.9474,0.6817
"343",0,"charter",86,-6.4474,2.3014
"344",0,"pier",86,-0.8514,0.1498
"357",0,"beach",90,-10.4214,0.2537
"358",0,"boat",90,-10.4214,0.2339
"359",0,"charter",90,-12.2714,0.6288
"360",1,"pier",90,-10.4214,0.1498
"361",0,"beach",91,-16.1874,0.5333
"362",0,"boat",91,-2.4334,0.0156
"363",1,"charter",91,-5.9334,0.0058
"364",0,"pier",91,-16.1874,0.4522
"365",0,"beach",92,-4.8114,0.1049
"366",0,"boat",92,-3.3534,0.1574
"367",1,"charter",92,-5.7534,0.4671
"368",0,"pier",92,-4.8114,0.0451
"377",0,"beach",95,-42.2984,0.5333
"378",1,"boat",95,-11.1462,0.0051
"379",0,"charter",95,-14.6462,1.0266
"380",0,"pier",95,-42.2984,0.4522
"385",0,"beach",97,-7.2462,0.0678
"386",1,"boat",97,-7.432,0.0897
"387",0,"charter",97,-10.932,1.0905
"388",0,"pier",97,-7.2462,0.0789
"393",0,"beach",99,-4.374,0.2537
"394",0,"boat",99,-5.2488,0.2339
"395",0,"charter",99,-7.0988,0.6288
"396",1,"pier",99,-4.374,0.1498
"401",1,"beach",101,-1.974,0.2537
"402",0,"boat",101,-2.3688,0.2339
"403",0,"charter",101,-4.2188,0.6288
"404",0,"pier",101,-1.974,0.1498
"413",0,"beach",104,-4.277,0.0678
"414",0,"boat",104,-1.974,0.0559
"415",1,"charter",104,-5.474,0.6456
"416",0,"pier",104,-4.277,0.0789
"425",0,"beach",107,-5.574,0.2537
"426",0,"boat",107,-22.1102,0.6817
"427",1,"charter",107,-24.6102,2.3014
"428",0,"pier",107,-5.574,0.1498
"429",0,"beach",108,-15.9766,0.0678
"430",0,"boat",108,-3.774,0.0732
"431",1,"charter",108,-6.724,0.1726
"432",0,"pier",108,-15.9766,0.0052
"433",0,"beach",109,-1.677,0.0678
"434",0,"boat",109,-3.2766,0.1643
"435",0,"charter",109,-6.1766,0.5391
"436",1,"pier",109,-1.677,0.0789
"437",0,"beach",110,-12.5902,0.5333
"438",1,"boat",110,-6.877,0.2413
"439",0,"charter",110,-10.377,1.0266
"440",0,"pier",110,-12.5902,0.4522
"441",0,"beach",111,-5.6862,0.0678
"442",1,"boat",111,-5.832,0.0108
"443",0,"charter",111,-9.332,0.2377
"444",0,"pier",111,-5.6862,0.0025
"453",1,"beach",114,-4.232,0.2537
"454",0,"boat",114,-4.232,0.0233
"455",0,"charter",114,-6.082,0.0219
"456",0,"pier",114,-4.232,0.1498
"465",0,"beach",117,-5.832,0.2537
"466",1,"boat",117,-5.832,0.0233
"467",0,"charter",117,-7.682,0.0219
"468",0,"pier",117,-5.832,0.1498
"469",0,"beach",118,-7.7234,0.0678
"470",0,"boat",118,-7.3002,0.0102
"471",1,"charter",118,-10.8002,0.0209
"472",0,"pier",118,-7.7234,0.0789
"473",0,"beach",119,-15.015,0.5333
"474",0,"boat",119,-6.2634,0.2413
"475",1,"charter",119,-9.7634,1.0266
"476",0,"pier",119,-15.015,0.4522
"485",0,"beach",122,-20.527,0.0678
"486",1,"boat",122,-9.474,0.0897
"487",0,"charter",122,-12.974,1.0905
"488",0,"pier",122,-20.527,0.0789
"489",0,"beach",123,-5.577,0.0678
"490",0,"boat",123,-2.574,0.0897
"491",1,"charter",123,-6.074,1.0905
"492",0,"pier",123,-5.577,0.0789
"493",1,"beach",124,-6.174,0.2537
"494",0,"boat",124,-7.4088,0.2339
"495",0,"charter",124,-9.2588,0.6288
"496",0,"pier",124,-6.174,0.1498
"501",0,"beach",126,-14.677,0.0678
"502",0,"boat",126,-6.774,0.0102
"503",1,"charter",126,-10.274,0.0209
"504",0,"pier",126,-14.677,0.0789
"505",0,"beach",127,-5.574,0.2537
"506",0,"boat",127,-6.6888,0.2339
"507",0,"charter",127,-8.5388,0.6288
"508",1,"pier",127,-5.574,0.1498
"509",0,"beach",128,-13.4366,0.0678
"510",0,"boat",128,-3.174,0.0732
"511",1,"charter",128,-6.124,0.1726
"512",0,"pier",128,-13.4366,0.0052
"513",0,"beach",129,-4.974,0.2537
"514",0,"boat",129,-5.9688,0.2339
"515",0,"charter",129,-7.8188,0.6288
"516",1,"pier",129,-4.974,0.1498
"517",0,"beach",130,-20.527,0.0678
"518",1,"boat",130,-9.474,0.0102
"519",0,"charter",130,-12.974,0.0209
"520",0,"pier",130,-20.527,0.0789
"521",0,"beach",131,-20.527,0.0678
"522",1,"boat",131,-9.474,0.0108
"523",0,"charter",131,-12.974,0.2377
"524",0,"pier",131,-20.527,0.0025
"525",0,"beach",132,-10.777,0.0678
"526",0,"boat",132,-4.974,0.0559
"527",1,"charter",132,-8.474,0.6456
"528",0,"pier",132,-10.777,0.0789
"533",0,"beach",134,-10.8966,0.0678
"534",1,"boat",134,-2.574,0.0143
"535",0,"charter",134,-5.524,0.0289
"536",0,"pier",134,-10.8966,0.0503
"537",0,"beach",135,-28.6766,0.0678
"538",1,"boat",135,-6.774,0.0143
"539",0,"charter",135,-9.724,0.0289
"540",0,"pier",135,-28.6766,0.0503
"545",0,"beach",137,-6.877,0.0678
"546",0,"boat",137,-3.174,0.0108
"547",1,"charter",137,-6.674,0.2377
"548",0,"pier",137,-6.877,0.0025
"549",0,"beach",138,-6.877,0.0678
"550",0,"boat",138,-3.174,0.0559
"551",1,"charter",138,-6.674,0.6456
"552",0,"pier",138,-6.877,0.0789
"561",0,"beach",141,-6.632,0.2537
"562",1,"boat",141,-6.632,0.2339
"563",0,"charter",141,-8.482,0.6288
"564",0,"pier",141,-6.632,0.1498
"565",0,"beach",142,-3.8184,0.5333
"566",0,"boat",142,-1.0062,0.1665
"567",1,"charter",142,-4.5062,0.3975
"568",0,"pier",142,-3.8184,0.4522
"569",0,"beach",143,-7.2462,0.0678
"570",1,"boat",143,-7.432,0.0897
"571",0,"charter",143,-10.932,1.0905
"572",0,"pier",143,-7.2462,0.0789
"577",0,"beach",145,-33.3258,0.5333
"578",1,"boat",145,-9.4506,0.2413
"579",0,"charter",145,-12.9506,1.0266
"580",0,"pier",145,-33.3258,0.4522
"581",0,"beach",146,-8.5698,0.1049
"582",0,"boat",146,-6.0306,0.0023
"583",1,"charter",146,-8.4306,0.0046
"584",0,"pier",146,-8.5698,0.0451
"589",0,"beach",148,-25.2858,0.5333
"590",0,"boat",148,-7.1706,0.0156
"591",1,"charter",148,-10.6706,0.0058
"592",0,"pier",148,-25.2858,0.4522
"593",0,"beach",149,-12.8706,0.0678
"594",1,"boat",149,-18.2898,0.0897
"595",0,"charter",149,-21.7898,1.0905
"596",0,"pier",149,-12.8706,0.0789
"597",0,"beach",150,-21.2658,0.5333
"598",0,"boat",150,-6.0306,0.0156
"599",1,"charter",150,-9.5306,0.0058
"600",0,"pier",150,-21.2658,0.4522
"601",0,"beach",151,-21.2658,0.5333
"602",0,"boat",151,-6.0306,0.0156
"603",1,"charter",151,-9.5306,0.0058
"604",0,"pier",151,-21.2658,0.4522
"617",0,"beach",155,-32.331,0.5333
"618",1,"boat",155,-5.6372,0.2413
"619",0,"charter",155,-9.1372,1.0266
"620",0,"pier",155,-32.331,0.4522
"629",0,"beach",158,-10.935,0.1049
"630",0,"boat",158,-4.9572,0.0023
"631",1,"charter",158,-7.3572,0.0046
"632",0,"pier",158,-10.935,0.0451
"633",0,"beach",159,-4.9572,0.0678
"634",0,"boat",159,-12.1014,0.1643
"635",0,"charter",159,-15.0014,0.5391
"636",1,"pier",159,-4.9572,0.0789
"641",0,"beach",161,-24.531,0.5333
"642",0,"boat",161,-4.2772,0.0051
"643",1,"charter",161,-7.7772,1.0266
"644",0,"pier",161,-24.531,0.4522
"645",0,"beach",162,-20.631,0.5333
"646",0,"boat",162,-3.5972,0.2413
"647",1,"charter",162,-7.0972,1.0266
"648",0,"pier",162,-20.631,0.4522
"649",0,"beach",163,-6.435,0.2537
"650",0,"boat",163,-16.731,0.6817
"651",1,"charter",163,-19.231,2.3014
"652",0,"pier",163,-6.435,0.1498
"653",1,"beach",164,-4.2772,0.0678
"654",0,"boat",164,-10.4414,0.1643
"655",0,"charter",164,-13.3414,0.5391
"656",0,"pier",164,-4.2772,0.0789
"661",1,"beach",166,-1.5572,0.0678
"662",0,"boat",166,-3.8014,0.1643
"663",0,"charter",166,-6.7014,0.5391
"664",0,"pier",166,-1.5572,0.0789
"669",0,"beach",168,-10.4414,0.0678
"670",1,"boat",168,-9.435,0.0143
"671",0,"charter",168,-12.385,0.0289
"672",0,"pier",168,-10.4414,0.0503
"673",1,"beach",169,-12.435,0.2537
"674",0,"boat",169,-12.435,0.2339
"675",0,"charter",169,-14.285,0.6288
"676",0,"pier",169,-12.435,0.1498
"677",0,"beach",170,-10.4414,0.0678
"678",0,"boat",170,-10.4414,0.2601
"679",1,"charter",170,-12.9414,0.5391
"680",0,"pier",170,-10.4414,0.0503
"697",0,"beach",175,-20.631,0.5333
"698",0,"boat",175,-3.5972,0.0361
"699",1,"charter",175,-7.0972,0.4216
"700",0,"pier",175,-20.631,0.0069
"709",0,"beach",178,-3.5972,0.0678
"710",0,"boat",178,-7.935,0.0559
"711",1,"charter",178,-11.435,0.6456
"712",0,"pier",178,-3.5972,0.0789
"713",0,"beach",179,-36.231,0.5333
"714",1,"boat",179,-6.3172,0.2413
"715",0,"charter",179,-9.8172,1.0266
"716",0,"pier",179,-36.231,0.4522
"725",0,"beach",182,-15.1008,0.5333
"726",0,"boat",182,-3.2604,0.2413
"727",1,"charter",182,-6.7604,1.0266
"728",0,"pier",182,-15.1008,0.4522
"753",1,"beach",189,-3.4914,0.2537
"754",0,"boat",189,-3.4914,0.2339
"755",0,"charter",189,-5.3414,0.6288
"756",0,"pier",189,-3.4914,0.1498
"761",0,"beach",191,-13.7648,0.1049
"762",0,"boat",191,-9.3404,0.0613
"763",1,"charter",191,-11.7404,0.3087
"764",0,"pier",191,-13.7648,0.0079
"789",0,"beach",198,-7.5504,0.0678
"790",0,"boat",198,-7.5504,0.2601
"791",0,"charter",198,-10.0504,0.5391
"792",1,"pier",198,-7.5504,0.0503
"797",0,"beach",200,-2.2704,0.0678
"798",0,"boat",200,-2.0898,0.0016
"799",1,"charter",200,-5.0398,0.1176
"800",0,"pier",200,-2.2704,0.0503
"809",0,"beach",203,-45.3858,0.5333
"810",0,"boat",203,-12.8706,0.0361
"811",1,"charter",203,-16.3706,0.4216
"812",0,"pier",203,-45.3858,0.0069
"833",0,"beach",209,-11.664,0.0678
"834",0,"boat",209,-11.664,0.0276
"835",1,"charter",209,-14.164,0.0029
"836",0,"pier",209,-11.664,0.0503
"837",0,"beach",210,-4.7804,0.0678
"838",0,"boat",210,-10.064,0.0014
"839",0,"charter",210,-12.964,0.0029
"840",1,"pier",210,-4.7804,0.0789
"841",0,"beach",211,-8.0608,0.5333
"842",0,"boat",211,-1.7404,0.2413
"843",1,"charter",211,-5.2404,1.0266
"844",0,"pier",211,-8.0608,0.4522
"853",0,"beach",214,-3.2604,0.0678
"854",0,"boat",214,-6.864,0.1643
"855",0,"charter",214,-9.764,0.5391
"856",1,"pier",214,-3.2604,0.0789
"869",0,"beach",218,-10.0674,0.5333
"870",0,"boat",218,-1.5134,0.0156
"871",1,"charter",218,-5.0134,0.0058
"872",0,"pier",218,-10.0674,0.4522
"873",0,"beach",219,-22.3074,0.5333
"874",0,"boat",219,-3.3534,0.0156
"875",1,"charter",219,-6.8534,0.0058
"876",0,"pier",219,-22.3074,0.4522
"881",0,"beach",221,-45.3858,0.5333
"882",0,"boat",221,-12.8706,0.2413
"883",1,"charter",221,-16.3706,1.0266
"884",0,"pier",221,-45.3858,0.4522
"885",0,"beach",222,-25.2858,0.5333
"886",0,"boat",222,-7.1706,0.0156
"887",1,"charter",222,-10.6706,0.0058
"888",0,"pier",222,-25.2858,0.4522
"889",0,"beach",223,-25.5798,0.1049
"890",1,"boat",223,-18.0006,0.1574
"891",0,"charter",223,-20.4006,0.4671
"892",0,"pier",223,-25.5798,0.0451
"901",0,"beach",226,-8.1648,0.1049
"902",0,"boat",226,-5.5404,0.1574
"903",1,"charter",226,-7.9404,0.4671
"904",0,"pier",226,-8.1648,0.0451
"913",0,"beach",229,-1.0534,0.0678
"914",0,"boat",229,-1.5114,0.0102
"915",1,"charter",229,-5.0114,0.0209
"916",0,"pier",229,-1.0534,0.0789
"929",0,"beach",233,-1.7986,0.0678
"930",1,"boat",233,-1.7986,0.0014
"931",0,"charter",233,-4.6986,0.0029
"932",0,"pier",233,-1.7986,0.0789
"933",0,"beach",234,-1.7986,0.0678
"934",0,"boat",234,-1.7986,0.023
"935",1,"charter",234,-4.2986,0.1648
"936",0,"pier",234,-1.7986,0.0503
"937",0,"beach",235,-1.7986,0.0678
"938",0,"boat",235,-1.7986,0.1643
"939",1,"charter",235,-4.6986,0.5391
"940",0,"pier",235,-1.7986,0.0789
"941",0,"beach",236,-4.5186,0.0678
"942",1,"boat",236,-4.5186,0.2601
"943",0,"charter",236,-7.0186,0.5391
"944",0,"pier",236,-4.5186,0.0503
"953",0,"beach",239,-31.6342,0.5333
"954",1,"boat",239,-5.1842,0.2413
"955",0,"charter",239,-8.6842,1.0266
"956",0,"pier",239,-31.6342,0.4522
"965",0,"beach",242,-1.1322,0.0678
"966",1,"boat",242,-1.1322,0.0276
"967",0,"charter",242,-3.6322,0.0029
"968",0,"pier",242,-1.1322,0.0503
"973",1,"beach",244,-7.1442,0.0678
"974",0,"boat",244,-1.3122,0.1643
"975",0,"charter",244,-4.2122,0.5391
"976",0,"pier",244,-7.1442,0.0789
"977",0,"beach",245,-1.458,0.0678
"978",1,"boat",245,-1.458,0.2601
"979",0,"charter",245,-3.958,0.5391
"980",0,"pier",245,-1.458,0.0503
"985",0,"beach",247,-5.661,0.0678
"986",0,"boat",247,-1.258,0.0499
"987",1,"charter",247,-4.158,0.2421
"988",0,"pier",247,-5.661,0.0025
"989",0,"beach",248,-1.858,0.0678
"990",0,"boat",248,-1.858,0.2601
"991",1,"charter",248,-4.358,0.5391
"992",0,"pier",248,-1.858,0.0503
"993",0,"beach",249,-0.858,0.0678
"994",0,"boat",249,-0.858,0.2601
"995",0,"charter",249,-3.358,0.5391
"996",1,"pier",249,-0.858,0.0503
"997",0,"beach",250,-35.9022,0.2537
"998",1,"boat",250,-66.611,0.0531
"999",0,"charter",250,-69.111,0.0052
"1000",0,"pier",250,-35.9022,0.1498
"1001",0,"beach",251,-2.961,0.0678
"1002",0,"boat",251,-0.658,0.0499
"1003",1,"charter",251,-3.558,0.2421
"1004",0,"pier",251,-2.961,0.0025
"1017",0,"beach",255,-3.1586,0.0678
"1018",1,"boat",255,-3.1586,0.1491
"1019",0,"charter",255,-5.6586,0.2421
"1020",0,"pier",255,-3.1586,0.0052
"1025",0,"beach",257,-1.3818,0.0678
"1026",0,"boat",257,-1.3818,0.0499
"1027",0,"charter",257,-4.2818,0.2421
"1028",1,"pier",257,-1.3818,0.0025
"1029",0,"beach",258,-3.0618,0.0678
"1030",0,"boat",258,-3.0618,0.1643
"1031",1,"charter",258,-5.9618,0.5391
"1032",0,"pier",258,-3.0618,0.0789
"1033",0,"beach",259,-21.45,0.5333
"1034",1,"boat",259,-0.429,0.0051
"1035",0,"charter",259,-3.929,1.0266
"1036",0,"pier",259,-21.45,0.4522
"1041",0,"beach",261,-0.429,0.0678
"1042",0,"boat",261,-0.429,0.0971
"1043",1,"charter",261,-3.329,0.1648
"1044",0,"pier",261,-0.429,0.0789
"1045",1,"beach",262,-0.4122,0.0678
"1046",0,"boat",262,-0.4122,0.2601
"1047",0,"charter",262,-2.9122,0.5391
"1048",0,"pier",262,-0.4122,0.0503
"1049",0,"beach",263,-0.5922,0.0678
"1050",0,"boat",263,-0.5922,0.0276
"1051",0,"charter",263,-3.0922,0.0029
"1052",1,"pier",263,-0.5922,0.0503
"1053",1,"beach",264,-7.1442,0.0678
"1054",0,"boat",264,-1.3122,0.0499
"1055",0,"charter",264,-4.2122,0.2421
"1056",0,"pier",264,-7.1442,0.0025
"1069",0,"beach",268,-1.258,0.0678
"1070",1,"boat",268,-1.258,0.0276
"1071",0,"charter",268,-3.758,0.0029
"1072",0,"pier",268,-1.258,0.0503
"1073",0,"beach",269,-0.658,0.0678
"1074",1,"boat",269,-0.658,0.1491
"1075",0,"charter",269,-3.158,0.2421
"1076",0,"pier",269,-0.658,0.0052
"1077",0,"beach",270,-0.658,0.0678
"1078",0,"boat",270,-0.658,0.2601
"1079",0,"charter",270,-3.158,0.5391
"1080",1,"pier",270,-0.658,0.0503
"1085",0,"beach",272,-16.45,0.5333
"1086",1,"boat",272,-0.329,0.1665
"1087",0,"charter",272,-3.829,0.3975
"1088",0,"pier",272,-16.45,0.4522
"1089",0,"beach",273,-0.529,0.0678
"1090",0,"boat",273,-0.529,0.0276
"1091",1,"charter",273,-3.029,0.0029
"1092",0,"pier",273,-0.529,0.0503
"1101",0,"beach",276,-0.229,0.0678
"1102",0,"boat",276,-0.229,0.0971
"1103",0,"charter",276,-3.129,0.1648
"1104",1,"pier",276,-0.229,0.0789
"1105",0,"beach",277,-26.45,0.5333
"1106",1,"boat",277,-0.529,0.0051
"1107",0,"charter",277,-4.029,1.0266
"1108",0,"pier",277,-26.45,0.4522
"1117",0,"beach",280,-21.45,0.5333
"1118",0,"boat",280,-0.429,0.2413
"1119",1,"charter",280,-3.929,1.0266
"1120",0,"pier",280,-21.45,0.4522
"1125",0,"beach",282,-16.6212,0.1049
"1126",0,"boat",282,-0.729,0.0613
"1127",1,"charter",282,-3.129,0.3087
"1128",0,"pier",282,-16.6212,0.0079
"1133",0,"beach",284,-18.9012,0.1049
"1134",1,"boat",284,-0.829,0.0613
"1135",0,"charter",284,-3.229,0.3087
"1136",0,"pier",284,-18.9012,0.0079
"1145",0,"beach",287,-11.45,0.5333
"1146",0,"boat",287,-0.229,0.2413
"1147",1,"charter",287,-3.729,1.0266
"1148",0,"pier",287,-11.45,0.4522
"1153",0,"beach",289,-7.5012,0.2537
"1154",0,"boat",289,-7.5012,0.0233
"1155",0,"charter",289,-9.3512,0.0219
"1156",1,"pier",289,-7.5012,0.1498
"1161",0,"beach",291,-21.45,0.5333
"1162",1,"boat",291,-0.429,0.0051
"1163",0,"charter",291,-3.929,1.0266
"1164",0,"pier",291,-21.45,0.4522
"1165",0,"beach",292,-7.5012,0.1049
"1166",1,"boat",292,-0.329,0.1574
"1167",0,"charter",292,-2.729,0.4671
"1168",0,"pier",292,-7.5012,0.0451
"1169",0,"beach",293,-1.145,0.0678
"1170",0,"boat",293,-0.687,0.0971
"1171",1,"charter",293,-3.587,0.1648
"1172",0,"pier",293,-1.145,0.0789
"1193",0,"beach",299,-0.529,0.0678
"1194",0,"boat",299,-0.529,0.023
"1195",1,"charter",299,-3.029,0.1648
"1196",0,"pier",299,-0.529,0.0503
"1217",0,"beach",305,-1.058,0.0678
"1218",0,"boat",305,-1.058,0.0276
"1219",1,"charter",305,-3.558,0.0029
"1220",0,"pier",305,-1.058,0.0503
"1241",0,"beach",311,-0.429,0.0678
"1242",1,"boat",311,-0.429,0.0276
"1243",0,"charter",311,-2.929,0.0029
"1244",0,"pier",311,-0.429,0.0503
"1245",0,"beach",312,-7.5012,0.1049
"1246",0,"boat",312,-0.329,0.0023
"1247",1,"charter",312,-2.729,0.0046
"1248",0,"pier",312,-7.5012,0.0451
"1257",0,"beach",315,-14.3412,0.1049
"1258",0,"boat",315,-0.629,0.1574
"1259",1,"charter",315,-3.029,0.4671
"1260",0,"pier",315,-14.3412,0.0451
"1273",0,"beach",319,-0.429,0.0678
"1274",0,"boat",319,-0.429,0.0276
"1275",1,"charter",319,-2.929,0.0029
"1276",0,"pier",319,-0.429,0.0503
"1277",0,"beach",320,-0.329,0.0678
"1278",0,"boat",320,-0.329,0.1491
"1279",0,"charter",320,-2.829,0.2421
"1280",1,"pier",320,-0.329,0.0052
"1293",0,"beach",324,-0.229,0.0678
"1294",0,"boat",324,-0.229,0.2601
"1295",0,"charter",324,-2.729,0.5391
"1296",1,"pier",324,-0.229,0.0503
"1297",1,"beach",325,-0.429,0.0678
"1298",0,"boat",325,-0.429,0.2601
"1299",0,"charter",325,-2.929,0.5391
"1300",0,"pier",325,-0.429,0.0503
"1309",0,"beach",328,-1.329,0.0678
"1310",0,"boat",328,-1.329,0.2601
"1311",0,"charter",328,-3.829,0.5391
"1312",1,"pier",328,-1.329,0.0503
"1313",0,"beach",329,-0.329,0.0678
"1314",1,"boat",329,-0.329,0.023
"1315",0,"charter",329,-2.829,0.1648
"1316",0,"pier",329,-0.329,0.0503
"1317",0,"beach",330,-0.629,0.0678
"1318",1,"boat",330,-0.629,0.1491
"1319",0,"charter",330,-3.129,0.2421
"1320",0,"pier",330,-0.629,0.0052
"1321",0,"beach",331,-2.632,0.0678
"1322",0,"boat",331,-0.329,0.0971
"1323",1,"charter",331,-3.229,0.1648
"1324",0,"pier",331,-2.632,0.0789
"1341",0,"beach",336,-0.629,0.0678
"1342",0,"boat",336,-0.629,0.2601
"1343",1,"charter",336,-3.129,0.5391
"1344",0,"pier",336,-0.629,0.0503
"1345",1,"beach",337,-0.229,0.0678
"1346",0,"boat",337,-0.229,0.0276
"1347",0,"charter",337,-2.729,0.0029
"1348",0,"pier",337,-0.229,0.0503
"1357",0,"beach",340,-0.229,0.0678
"1358",1,"boat",340,-0.229,0.0276
"1359",0,"charter",340,-2.729,0.0029
"1360",0,"pier",340,-0.229,0.0503
"1361",0,"beach",341,-3.432,0.0678
"1362",1,"boat",341,-0.429,0.0014
"1363",0,"charter",341,-3.329,0.0029
"1364",0,"pier",341,-3.432,0.0789
"1373",1,"beach",344,-30.682,0.5333
"1374",0,"boat",344,-4.232,0.2413
"1375",0,"charter",344,-7.732,1.0266
"1376",0,"pier",344,-30.682,0.4522
"1381",0,"beach",346,-0.829,0.0678
"1382",1,"boat",346,-0.829,0.0276
"1383",0,"charter",346,-3.329,0.0029
"1384",0,"pier",346,-0.829,0.0503
"1385",0,"beach",347,-13.2132,0.1049
"1386",0,"boat",347,-3.432,0.0613
"1387",1,"charter",347,-5.832,0.3087
"1388",0,"pier",347,-13.2132,0.0079
"1389",0,"beach",348,-2.632,0.0678
"1390",0,"boat",348,-0.329,0.0014
"1391",1,"charter",348,-3.229,0.0029
"1392",0,"pier",348,-2.632,0.0789
"1393",0,"beach",349,-0.729,0.0678
"1394",0,"boat",349,-0.729,0.2601
"1395",1,"charter",349,-3.229,0.5391
"1396",0,"pier",349,-0.729,0.0503
"1401",0,"beach",351,-3.087,0.0678
"1402",1,"boat",351,-3.087,0.2601
"1403",0,"charter",351,-5.587,0.5391
"1404",0,"pier",351,-3.087,0.0503
"1405",0,"beach",352,-1.287,0.0678
"1406",1,"boat",352,-1.287,0.0276
"1407",0,"charter",352,-3.787,0.0029
"1408",0,"pier",352,-1.287,0.0503
"1409",0,"beach",353,-2.187,0.0678
"1410",0,"boat",353,-2.187,0.023
"1411",1,"charter",353,-4.687,0.1648
"1412",0,"pier",353,-2.187,0.0503
"1425",0,"beach",357,-1.287,0.0678
"1426",1,"boat",357,-1.287,0.2601
"1427",0,"charter",357,-3.787,0.5391
"1428",0,"pier",357,-1.287,0.0503
"1429",0,"beach",358,-11.9262,0.2537
"1430",0,"boat",358,-23.595,0.0531
"1431",1,"charter",358,-26.095,0.0052
"1432",0,"pier",358,-11.9262,0.1498
"1449",0,"beach",363,-0.4122,0.0678
"1450",0,"boat",363,-0.4122,0.2601
"1451",0,"charter",363,-2.9122,0.5391
"1452",1,"pier",363,-0.4122,0.0503
"1469",0,"beach",368,-11.9554,0.1049
"1470",1,"boat",368,-7.3002,0.1574
"1471",0,"charter",368,-9.7002,0.4671
"1472",0,"pier",368,-11.9554,0.0451
"1473",0,"beach",369,-3.1602,0.0678
"1474",0,"boat",369,-5.1754,0.0102
"1475",1,"charter",369,-8.6754,0.0209
"1476",0,"pier",369,-3.1602,0.0789
"1477",0,"beach",370,-10.6714,0.5333
"1478",0,"boat",370,-3.1602,0.0361
"1479",1,"charter",370,-6.6602,0.4216
"1480",0,"pier",370,-10.6714,0.0069
"1481",1,"beach",371,-3.7098,0.0678
"1482",0,"boat",371,-3.7098,0.1643
"1483",0,"charter",371,-6.6098,0.5391
"1484",0,"pier",371,-3.7098,0.0789
"1493",0,"beach",374,-17.766,0.5333
"1494",0,"boat",374,-6.9748,0.0361
"1495",1,"charter",374,-10.4748,0.4216
"1496",0,"pier",374,-17.766,0.0069
"1497",0,"beach",375,-2.6832,0.0678
"1498",0,"boat",375,-2.6832,0.1491
"1499",1,"charter",375,-5.1832,0.2421
"1500",0,"pier",375,-2.6832,0.0052
"1501",0,"beach",376,-11.0032,0.0678
"1502",0,"boat",376,-11.0032,0.2601
"1503",1,"charter",376,-13.5032,0.5391
"1504",0,"pier",376,-11.0032,0.0503
"1509",0,"beach",378,-51.1596,0.1049
"1510",1,"boat",378,-32.8432,0.0023
"1511",0,"charter",378,-35.2432,0.0046
"1512",0,"pier",378,-51.1596,0.0451
"1517",0,"beach",380,-6.8432,0.0678
"1518",1,"boat",380,-10.6596,0.0559
"1519",0,"charter",380,-14.1596,0.6456
"1520",0,"pier",380,-6.8432,0.0789
"1521",0,"beach",381,-9.0948,0.0678
"1522",0,"boat",381,-9.0948,0.0014
"1523",0,"charter",381,-11.9948,0.0029
"1524",1,"pier",381,-9.0948,0.0789
"1529",0,"beach",383,-9.0948,0.0678
"1530",0,"boat",383,-13.299,0.0732
"1531",1,"charter",383,-16.249,0.1726
"1532",0,"pier",383,-9.0948,0.0052
"1549",0,"beach",388,-15.0174,0.0678
"1550",0,"boat",388,-17.0586,0.1643
"1551",0,"charter",388,-19.9586,0.5391
"1552",1,"pier",388,-15.0174,0.0789
"1561",0,"beach",391,-8.8374,0.0678
"1562",0,"boat",391,-11.3256,0.0559
"1563",1,"charter",391,-14.8256,0.6456
"1564",0,"pier",391,-8.8374,0.0789
"1573",0,"beach",394,-10.8974,0.0678
"1574",0,"boat",394,-12.3786,0.1643
"1575",0,"charter",394,-15.2786,0.5391
"1576",1,"pier",394,-10.8974,0.0789
"1577",0,"beach",395,-56.9016,0.5333
"1578",0,"boat",395,-23.2574,0.2413
"1579",1,"charter",395,-26.7574,1.0266
"1580",0,"pier",395,-56.9016,0.4522
"1581",0,"beach",396,-8.8374,0.0678
"1582",0,"boat",396,-10.0386,0.1643
"1583",1,"charter",396,-12.9386,0.5391
"1584",0,"pier",396,-8.8374,0.0789
"1585",0,"beach",397,-31.7016,0.5333
"1586",0,"boat",397,-12.9574,0.1665
"1587",1,"charter",397,-16.4574,0.3975
"1588",0,"pier",397,-31.7016,0.4522
"1597",0,"beach",400,-17.1396,0.1049
"1598",1,"boat",400,-14.0714,0.1574
"1599",0,"charter",400,-16.4714,0.4671
"1600",0,"pier",400,-17.1396,0.0451
"1601",0,"beach",401,-17.1396,0.2537
"1602",1,"boat",401,-27.0848,0.0531
"1603",0,"charter",401,-29.5848,0.0052
"1604",0,"pier",401,-17.1396,0.1498
"1609",0,"beach",403,-11.5736,0.1049
"1610",1,"boat",403,-7.9254,0.0023
"1611",0,"charter",403,-10.3254,0.0046
"1612",0,"pier",403,-11.5736,0.0451
"1617",0,"beach",405,-8.6658,0.1049
"1618",1,"boat",405,-3.7752,0.0023
"1619",0,"charter",405,-6.1752,0.0046
"1620",0,"pier",405,-8.6658,0.0451
"1621",0,"beach",406,-5.805,0.5333
"1622",1,"boat",406,-1.1352,0.0361
"1623",0,"charter",406,-4.6352,0.4216
"1624",0,"pier",406,-5.805,0.0069
"1625",0,"beach",407,-8.6658,0.1049
"1626",1,"boat",407,-3.7752,0.0023
"1627",0,"charter",407,-6.1752,0.0046
"1628",0,"pier",407,-8.6658,0.0451
"1637",0,"beach",410,-21.2658,0.5333
"1638",0,"boat",410,-6.0306,0.0156
"1639",1,"charter",410,-9.5306,0.0058
"1640",0,"pier",410,-21.2658,0.4522
"1641",0,"beach",411,-6.9498,0.1049
"1642",0,"boat",411,-4.8906,0.0023
"1643",1,"charter",411,-7.2906,0.0046
"1644",0,"pier",411,-6.9498,0.0451
"1653",0,"beach",414,-17.2458,0.5333
"1654",1,"boat",414,-4.8906,0.2413
"1655",0,"charter",414,-8.3906,1.0266
"1656",0,"pier",414,-17.2458,0.4522
"1657",0,"beach",415,-21.2658,0.5333
"1658",0,"boat",415,-6.0306,0.0361
"1659",1,"charter",415,-9.5306,0.4216
"1660",0,"pier",415,-21.2658,0.0069
"1665",0,"beach",417,-3.4874,0.0678
"1666",0,"boat",417,-3.4874,0.1643
"1667",0,"charter",417,-6.3874,0.5391
"1668",1,"pier",417,-3.4874,0.0789
"1673",0,"beach",419,-3.4874,0.0678
"1674",0,"boat",419,-3.4874,0.0276
"1675",1,"charter",419,-5.9874,0.0029
"1676",0,"pier",419,-3.4874,0.0503
"1685",0,"beach",422,-7.7274,0.0678
"1686",0,"boat",422,-7.7274,0.0971
"1687",1,"charter",422,-10.6274,0.1648
"1688",0,"pier",422,-7.7274,0.0789
"1693",0,"beach",424,-19.1334,0.5333
"1694",0,"boat",424,-6.435,0.2413
"1695",1,"charter",424,-9.935,1.0266
"1696",0,"pier",424,-19.1334,0.4522
"1697",0,"beach",425,-25.3174,0.1049
"1698",1,"boat",425,-18.435,0.0023
"1699",0,"charter",425,-20.835,0.0046
"1700",0,"pier",425,-25.3174,0.0451
"1705",0,"beach",427,-4.935,0.0678
"1706",1,"boat",427,-6.7774,0.0897
"1707",0,"charter",427,-10.2774,1.0905
"1708",0,"pier",427,-4.935,0.0789
"1725",0,"beach",432,-23.5934,0.5333
"1726",0,"boat",432,-7.935,0.0361
"1727",1,"charter",432,-11.435,0.4216
"1728",0,"pier",432,-23.5934,0.0069
"1729",0,"beach",433,-3.435,0.0678
"1730",0,"boat",433,-3.8014,0.1643
"1731",0,"charter",433,-6.7014,0.5391
"1732",1,"pier",433,-3.435,0.0789
"1733",0,"beach",434,-6.7774,0.1049
"1734",0,"boat",434,-4.935,0.0613
"1735",1,"charter",434,-7.335,0.3087
"1736",0,"pier",434,-6.7774,0.0079
"1745",0,"beach",437,-19.1334,0.5333
"1746",1,"boat",437,-6.435,0.2413
"1747",0,"charter",437,-9.935,1.0266
"1748",0,"pier",437,-19.1334,0.4522
"1749",0,"beach",438,-32.2218,0.5333
"1750",0,"boat",438,-9.477,0.1665
"1751",1,"charter",438,-12.977,0.3975
"1752",0,"pier",438,-32.2218,0.4522
"1753",0,"beach",439,-18.9618,0.5333
"1754",1,"boat",439,-5.577,0.2413
"1755",0,"charter",439,-9.077,1.0266
"1756",0,"pier",439,-18.9618,0.4522
"1757",0,"beach",440,-48.9804,0.5333
"1758",0,"boat",440,-5.9682,0.2413
"1759",1,"charter",440,-9.4682,1.0266
"1760",0,"pier",440,-48.9804,0.4522
"1773",0,"beach",444,-1.3282,0.0678
"1774",0,"boat",444,-1.3282,0.1643
"1775",0,"charter",444,-4.2282,0.5391
"1776",1,"pier",444,-1.3282,0.0789
"1789",0,"beach",448,-13.8996,0.1049
"1790",0,"boat",448,-11.4114,0.1574
"1791",1,"charter",448,-13.8114,0.4671
"1792",0,"pier",448,-13.8996,0.0451
"1793",0,"beach",449,-19.734,0.5333
"1794",0,"boat",449,-4.29,0.0361
"1795",1,"charter",449,-7.79,0.4216
"1796",0,"pier",449,-19.734,0.0069
"1801",0,"beach",451,-13.377,0.0678
"1802",0,"boat",451,-13.377,0.1491
"1803",1,"charter",451,-15.877,0.2421
"1804",0,"pier",451,-13.377,0.0052
"1817",0,"beach",455,-4.7174,0.1049
"1818",0,"boat",455,-3.435,0.0613
"1819",1,"charter",455,-5.835,0.3087
"1820",0,"pier",455,-4.7174,0.0079
"1821",1,"beach",456,-10.935,0.0678
"1822",0,"boat",456,-12.1014,0.1643
"1823",0,"charter",456,-15.0014,0.5391
"1824",0,"pier",456,-10.935,0.0789
"1825",0,"beach",457,-15.4214,0.0678
"1826",1,"boat",457,-15.4214,0.2601
"1827",0,"charter",457,-17.9214,0.5391
"1828",0,"pier",457,-15.4214,0.0503
"1841",0,"beach",461,-10.4454,0.0678
"1842",1,"boat",461,-12.7666,0.0014
"1843",0,"charter",461,-15.6666,0.0029
"1844",0,"pier",461,-10.4454,0.0789
"1857",0,"beach",465,-10.6858,0.1049
"1858",0,"boat",465,-6.877,0.0023
"1859",1,"charter",465,-9.277,0.0046
"1860",0,"pier",465,-10.6858,0.0451
"1865",0,"beach",467,-14.7258,0.1049
"1866",1,"boat",467,-9.477,0.0023
"1867",0,"charter",467,-11.877,0.0046
"1868",0,"pier",467,-14.7258,0.0451
"1869",0,"beach",468,-14.7258,0.1049
"1870",1,"boat",468,-9.477,0.0238
"1871",0,"charter",468,-11.877,0.0468
"1872",0,"pier",468,-14.7258,0.0451
"1877",0,"beach",470,-6.6458,0.1049
"1878",0,"boat",470,-4.277,0.0613
"1879",1,"charter",470,-6.677,0.3087
"1880",0,"pier",470,-6.6458,0.0079
"1889",0,"beach",473,-6.6458,0.1049
"1890",0,"boat",473,-4.277,0.0238
"1891",1,"charter",473,-6.677,0.0468
"1892",0,"pier",473,-6.6458,0.0451
"1897",0,"beach",475,-5.577,0.0678
"1898",0,"boat",475,-5.577,0.1491
"1899",1,"charter",475,-8.077,0.2421
"1900",0,"pier",475,-5.577,0.0052
"1909",0,"beach",478,-3.6482,0.0678
"1910",1,"boat",478,-3.6482,0.1643
"1911",0,"charter",478,-6.5482,0.5391
"1912",0,"pier",478,-3.6482,0.0789
"1937",0,"beach",485,-13.9656,0.1049
"1938",1,"boat",485,-10.8974,0.1574
"1939",0,"charter",485,-13.2974,0.4671
"1940",0,"pier",485,-13.9656,0.0451
"1941",0,"beach",486,-11.3256,0.1049
"1942",0,"boat",486,-8.8374,0.0023
"1943",1,"charter",486,-11.2374,0.0046
"1944",0,"pier",486,-11.3256,0.0451
"1949",0,"beach",488,-14.6734,0.5333
"1950",0,"boat",488,-4.935,0.0361
"1951",1,"charter",488,-8.435,0.4216
"1952",0,"pier",488,-14.6734,0.0069
"1961",0,"beach",491,-9.435,0.0678
"1962",1,"boat",491,-10.4414,0.1643
"1963",0,"charter",491,-13.3414,0.5391
"1964",0,"pier",491,-9.435,0.0789
"1965",1,"beach",492,-6.6654,0.0678
"1966",0,"boat",492,-8.1466,0.1643
"1967",0,"charter",492,-11.0466,0.5391
"1968",0,"pier",492,-6.6654,0.0789
"1969",0,"beach",493,-4.1454,0.0678
"1970",0,"boat",493,-5.0666,0.1643
"1971",1,"charter",493,-7.9666,0.5391
"1972",0,"pier",493,-4.1454,0.0789
"1973",0,"beach",494,-35.1496,0.5333
"1974",1,"boat",494,-10.4454,0.0156
"1975",0,"charter",494,-13.9454,0.0058
"1976",0,"pier",494,-35.1496,0.4522
"1981",0,"beach",496,-9.1854,0.0678
"1982",0,"boat",496,-11.2266,0.0014
"1983",0,"charter",496,-14.1266,0.0029
"1984",1,"pier",496,-9.1854,0.0789
"1985",0,"beach",497,-11.5736,0.1049
"1986",0,"boat",497,-7.9254,0.0613
"1987",1,"charter",497,-10.3254,0.3087
"1988",0,"pier",497,-11.5736,0.0079
"1997",0,"beach",500,-13.9496,0.5333
"1998",0,"boat",500,-4.1454,0.0156
"1999",1,"charter",500,-7.6454,0.0058
"2000",0,"pier",500,-13.9496,0.4522
"2005",0,"beach",502,-5.4054,0.0678
"2006",0,"boat",502,-6.6066,0.1643
"2007",0,"charter",502,-9.5066,0.5391
"2008",1,"pier",502,-5.4054,0.0789
"2013",0,"beach",504,-2.8854,0.0678
"2014",0,"boat",504,-3.5266,0.0499
"2015",1,"charter",504,-6.4266,0.2421
"2016",0,"pier",504,-2.8854,0.0025
"2021",0,"beach",506,-5.4696,0.5333
"2022",0,"boat",506,-1.6254,0.0156
"2023",1,"charter",506,-5.1254,0.0058
"2024",0,"pier",506,-5.4696,0.4522
"2025",0,"beach",507,-2.8854,0.0678
"2026",1,"boat",507,-3.5266,0.0014
"2027",0,"charter",507,-6.4266,0.0029
"2028",0,"pier",507,-2.8854,0.0789
"2033",0,"beach",509,-26.0406,0.5333
"2034",0,"boat",509,-6.6674,0.0156
"2035",1,"charter",509,-10.1674,0.0058
"2036",0,"pier",509,-26.0406,0.4522
"2037",0,"beach",510,-30.1806,0.5333
"2038",0,"boat",510,-7.7274,0.1665
"2039",1,"charter",510,-11.2274,0.3975
"2040",0,"pier",510,-30.1806,0.4522
"2057",0,"beach",515,-3.4874,0.0678
"2058",0,"boat",515,-4.4086,0.0014
"2059",0,"charter",515,-7.3086,0.0029
"2060",1,"pier",515,-3.4874,0.0789
"2061",1,"beach",516,-9.7686,0.0678
"2062",0,"boat",516,-9.7686,0.1491
"2063",0,"charter",516,-12.2686,0.2421
"2064",0,"pier",516,-9.7686,0.0052
"2073",0,"beach",519,-7.4646,0.2537
"2074",0,"boat",519,-17.7606,0.0531
"2075",1,"charter",519,-20.2606,0.0052
"2076",0,"pier",519,-7.4646,0.1498
"2081",0,"beach",521,-9.2046,0.2537
"2082",0,"boat",521,-21.9006,0.6817
"2083",1,"charter",521,-24.4006,2.3014
"2084",0,"pier",521,-9.2046,0.1498
"2085",0,"beach",522,-13.6206,0.5333
"2086",0,"boat",522,-3.4874,0.1665
"2087",0,"charter",522,-6.9874,0.3975
"2088",1,"pier",522,-13.6206,0.4522
"2093",1,"beach",524,-5.6074,0.0678
"2094",0,"boat",524,-7.0886,0.1643
"2095",0,"charter",524,-9.9886,0.5391
"2096",0,"pier",524,-5.6074,0.0789
"2097",0,"beach",525,-16.7374,0.0678
"2098",0,"boat",525,-21.1586,0.1643
"2099",1,"charter",525,-24.0586,0.5391
"2100",0,"pier",525,-16.7374,0.0789
"2109",0,"beach",528,-34.3206,0.5333
"2110",1,"boat",528,-8.7874,0.1665
"2111",0,"charter",528,-12.2874,0.3975
"2112",0,"pier",528,-34.3206,0.4522
"2113",0,"beach",529,-7.4646,0.2537
"2114",0,"boat",529,-17.7606,0.6817
"2115",1,"charter",529,-20.2606,2.3014
"2116",0,"pier",529,-7.4646,0.1498
"2117",0,"beach",530,-23.3818,0.5333
"2118",1,"boat",530,-6.877,0.2413
"2119",0,"charter",530,-10.377,1.0266
"2120",0,"pier",530,-23.3818,0.4522
"2121",0,"beach",531,-34.3206,0.5333
"2122",0,"boat",531,-8.7874,0.0051
"2123",1,"charter",531,-12.2874,1.0266
"2124",0,"pier",531,-34.3206,0.4522
"2125",0,"beach",532,-21.9006,0.5333
"2126",0,"boat",532,-5.6074,0.2413
"2127",1,"charter",532,-9.1074,1.0266
"2128",0,"pier",532,-21.9006,0.4522
"2133",0,"beach",534,-17.7606,0.5333
"2134",0,"boat",534,-4.5474,0.0156
"2135",1,"charter",534,-8.0474,0.0058
"2136",0,"pier",534,-17.7606,0.4522
"2137",0,"beach",535,-10.4048,0.1049
"2138",1,"boat",535,-7.0604,0.1574
"2139",0,"charter",535,-9.4604,0.4671
"2140",0,"pier",535,-10.4048,0.0451
"2141",0,"beach",536,-15.1008,0.5333
"2142",0,"boat",536,-3.2604,0.0156
"2143",1,"charter",536,-6.7604,0.0058
"2144",0,"pier",536,-15.1008,0.4522
"2145",0,"beach",537,-10.1004,0.0678
"2146",0,"boat",537,-21.264,0.0971
"2147",1,"charter",537,-24.164,0.1648
"2148",0,"pier",537,-10.1004,0.0789
"2153",0,"beach",539,-38.6464,0.5333
"2154",0,"boat",539,-4.2734,0.2413
"2155",1,"charter",539,-7.7734,1.0266
"2156",0,"pier",539,-38.6464,0.4522
"2157",0,"beach",540,-42.8064,0.5333
"2158",1,"boat",540,-4.7334,0.0361
"2159",0,"charter",540,-8.2334,0.4216
"2160",0,"pier",540,-42.8064,0.0069
"2173",0,"beach",544,-30.5072,0.5333
"2174",1,"boat",544,-1.9896,0.0361
"2175",0,"charter",544,-5.4896,0.4216
"2176",0,"pier",544,-30.5072,0.0069
"2177",0,"beach",545,-5.4912,0.1049
"2178",1,"boat",545,-1.0296,0.0613
"2179",0,"charter",545,-3.4296,0.3087
"2180",0,"pier",545,-5.4912,0.0079
"2181",0,"beach",546,-15.7872,0.5333
"2182",1,"boat",546,-1.0296,0.0361
"2183",0,"charter",546,-4.5296,0.4216
"2184",0,"pier",546,-15.7872,0.0069
"2189",0,"beach",548,-8.4272,0.5333
"2190",0,"boat",548,-0.5496,0.2413
"2191",1,"charter",548,-4.0496,1.0266
"2192",0,"pier",548,-8.4272,0.4522
"2197",0,"beach",550,-2.4334,0.0678
"2198",0,"boat",550,-3.174,0.0499
"2199",0,"charter",550,-6.074,0.2421
"2200",1,"pier",550,-2.4334,0.0025
"2213",0,"beach",554,-8.8872,0.1049
"2214",1,"boat",554,-2.4334,0.1574
"2215",0,"charter",554,-4.8334,0.4671
"2216",0,"pier",554,-8.8872,0.0451
"2233",0,"beach",559,-26.8272,0.5333
"2234",0,"boat",559,-1.7496,0.0156
"2235",1,"charter",559,-5.2496,0.0058
"2236",0,"pier",559,-26.8272,0.4522
"2241",1,"beach",561,-1.7496,0.0678
"2242",0,"boat",561,-7.8732,0.0014
"2243",0,"charter",561,-10.7732,0.0029
"2244",0,"pier",561,-1.7496,0.0789
"2245",0,"beach",562,-19.4672,0.5333
"2246",0,"boat",562,-1.2696,0.0051
"2247",1,"charter",562,-4.7696,1.0266
"2248",0,"pier",562,-19.4672,0.4522
"2253",0,"beach",564,-6.7712,0.1049
"2254",1,"boat",564,-1.2696,0.0613
"2255",0,"charter",564,-3.6696,0.3087
"2256",0,"pier",564,-6.7712,0.0079
"2261",0,"beach",566,-15.7872,0.5333
"2262",1,"boat",566,-1.0296,0.2413
"2263",0,"charter",566,-4.5296,1.0266
"2264",0,"pier",566,-15.7872,0.4522
"2277",0,"beach",570,-10.6112,0.1049
"2278",1,"boat",570,-1.9896,0.0023
"2279",0,"charter",570,-4.3896,0.0046
"2280",0,"pier",570,-10.6112,0.0451
"2281",0,"beach",571,-2.2296,0.0678
"2282",0,"boat",571,-10.0332,0.1643
"2283",0,"charter",571,-12.9332,0.5391
"2284",1,"pier",571,-2.2296,0.0789
"2285",0,"beach",572,-12.1072,0.5333
"2286",0,"boat",572,-0.7896,0.2413
"2287",1,"charter",572,-4.2896,1.0266
"2288",0,"pier",572,-12.1072,0.4522
"2293",0,"beach",574,-9.3312,0.1049
"2294",1,"boat",574,-1.7496,0.1574
"2295",0,"charter",574,-4.1496,0.4671
"2296",0,"pier",574,-9.3312,0.0451
"2305",0,"beach",577,-6.7712,0.1049
"2306",1,"boat",577,-1.2696,0.0023
"2307",0,"charter",577,-3.6696,0.0046
"2308",0,"pier",577,-6.7712,0.0451
"2313",0,"beach",579,-41.5472,0.5333
"2314",1,"boat",579,-2.7096,0.0156
"2315",0,"charter",579,-6.2096,0.0058
"2316",0,"pier",579,-41.5472,0.4522
"2317",0,"beach",580,-9.5264,0.5333
"2318",0,"boat",580,-1.0534,0.0361
"2319",1,"charter",580,-4.5534,0.4216
"2320",0,"pier",580,-9.5264,0.0069
"2325",0,"beach",582,-12.1072,0.5333
"2326",0,"boat",582,-0.7896,0.0361
"2327",1,"charter",582,-4.2896,0.4216
"2328",0,"pier",582,-12.1072,0.0069
"2349",1,"beach",588,-1.0296,0.0678
"2350",0,"boat",588,-4.6332,0.1643
"2351",0,"charter",588,-7.5332,0.5391
"2352",0,"pier",588,-1.0296,0.0789
"2369",0,"beach",593,-23.1472,0.5333
"2370",1,"boat",593,-1.5096,0.0156
"2371",0,"charter",593,-5.0096,0.0058
"2372",0,"pier",593,-23.1472,0.4522
"2373",0,"beach",594,-26.8272,0.5333
"2374",1,"boat",594,-1.7496,0.0361
"2375",0,"charter",594,-5.2496,0.4216
"2376",0,"pier",594,-26.8272,0.0069
"2377",0,"beach",595,-15.7312,0.1049
"2378",0,"boat",595,-2.9496,0.0023
"2379",1,"charter",595,-5.3496,0.0046
"2380",0,"pier",595,-15.7312,0.0451
"2381",0,"beach",596,-12.1072,0.5333
"2382",0,"boat",596,-0.7896,0.0361
"2383",1,"charter",596,-4.2896,0.4216
"2384",0,"pier",596,-12.1072,0.0069
"2401",0,"beach",601,-22.0064,0.5333
"2402",0,"boat",601,-2.4334,0.0156
"2403",1,"charter",601,-5.9334,0.0058
"2404",0,"pier",601,-22.0064,0.4522
"2409",0,"beach",603,-7.2072,0.1049
"2410",0,"boat",603,-1.9734,0.0023
"2411",1,"charter",603,-4.3734,0.0046
"2412",0,"pier",603,-7.2072,0.0451
"2413",1,"beach",604,-0.5934,0.0678
"2414",0,"boat",604,-0.774,0.0014
"2415",0,"charter",604,-3.674,0.0029
"2416",0,"pier",604,-0.5934,0.0789
"2417",0,"beach",605,-13.6864,0.5333
"2418",0,"boat",605,-1.5134,0.0156
"2419",1,"charter",605,-5.0134,0.0058
"2420",0,"pier",605,-13.6864,0.4522
"2425",0,"beach",607,-13.6864,0.5333
"2426",1,"boat",607,-1.5134,0.2413
"2427",0,"charter",607,-5.0134,1.0266
"2428",0,"pier",607,-13.6864,0.4522
"2453",0,"beach",614,-26.5272,0.1049
"2454",1,"boat",614,-7.2634,0.0613
"2455",0,"charter",614,-9.6634,0.3087
"2456",0,"pier",614,-26.5272,0.0079
"2457",0,"beach",615,-17.8464,0.5333
"2458",1,"boat",615,-1.9734,0.2413
"2459",0,"charter",615,-5.4734,1.0266
"2460",0,"pier",615,-17.8464,0.4522
"2461",0,"beach",616,-5.4912,0.1049
"2462",0,"boat",616,-1.0296,0.1574
"2463",1,"charter",616,-3.4296,0.4671
"2464",0,"pier",616,-5.4912,0.0451
"2465",0,"beach",617,-2.2296,0.0678
"2466",0,"boat",617,-10.0332,0.1643
"2467",0,"charter",617,-12.9332,0.5391
"2468",1,"pier",617,-2.2296,0.0789
"2481",1,"beach",621,-9.3312,0.2537
"2482",0,"boat",621,-9.3312,0.0233
"2483",0,"charter",621,-11.1812,0.0219
"2484",0,"pier",621,-9.3312,0.1498
"2489",0,"beach",623,-17.8464,0.5333
"2490",0,"boat",623,-1.9734,0.2413
"2491",1,"charter",623,-5.4734,1.0266
"2492",0,"pier",623,-17.8464,0.4522
"2497",0,"beach",625,-5.6534,0.0678
"2498",0,"boat",625,-7.374,0.1643
"2499",0,"charter",625,-10.274,0.5391
"2500",1,"pier",625,-5.6534,0.0789
"2505",1,"beach",627,-1.5134,0.0678
"2506",0,"boat",627,-1.974,0.1643
"2507",0,"charter",627,-4.874,0.5391
"2508",0,"pier",627,-1.5134,0.0789
"2509",0,"beach",628,-26.1664,0.5333
"2510",1,"boat",628,-2.8934,0.0361
"2511",0,"charter",628,-6.3934,0.4216
"2512",0,"pier",628,-26.1664,0.0069
"2517",0,"beach",630,-18.9672,0.1049
"2518",1,"boat",630,-5.1934,0.0023
"2519",0,"charter",630,-7.5934,0.0046
"2520",0,"pier",630,-18.9672,0.0451
"2521",0,"beach",631,-34.4864,0.5333
"2522",1,"boat",631,-3.8134,0.2413
"2523",0,"charter",631,-7.3134,1.0266
"2524",0,"pier",631,-34.4864,0.4522
"2525",0,"beach",632,-5.4912,0.1049
"2526",1,"boat",632,-1.0296,0.0023
"2527",0,"charter",632,-3.4296,0.0046
"2528",0,"pier",632,-5.4912,0.0451
"2529",0,"beach",633,-15.7872,0.5333
"2530",1,"boat",633,-1.0296,0.0361
"2531",0,"charter",633,-4.5296,0.4216
"2532",0,"pier",633,-15.7872,0.0069
"2533",0,"beach",634,-41.5472,0.5333
"2534",0,"boat",634,-2.7096,0.0361
"2535",1,"charter",634,-6.2096,0.4216
"2536",0,"pier",634,-41.5472,0.0069
"2553",0,"beach",639,-1.7496,0.0678
"2554",0,"boat",639,-7.8732,0.0499
"2555",0,"charter",639,-10.7732,0.2421
"2556",1,"pier",639,-1.7496,0.0025
"2569",0,"beach",643,-20.2112,0.1049
"2570",1,"boat",643,-3.7896,0.0023
"2571",0,"charter",643,-6.1896,0.0046
"2572",0,"pier",643,-20.2112,0.0451
"2573",0,"beach",644,-48.9072,0.5333
"2574",0,"boat",644,-3.1896,0.2413
"2575",1,"charter",644,-6.6896,1.0266
"2576",0,"pier",644,-48.9072,0.4522
"2577",0,"beach",645,-5.4912,0.1049
"2578",1,"boat",645,-1.0296,0.0613
"2579",0,"charter",645,-3.4296,0.3087
"2580",0,"pier",645,-5.4912,0.0079
"2581",0,"beach",646,-0.5496,0.0678
"2582",0,"boat",646,-2.4732,0.0499
"2583",0,"charter",646,-5.3732,0.2421
"2584",1,"pier",646,-0.5496,0.0025
"2589",0,"beach",648,-1.2696,0.0678
"2590",1,"boat",648,-6.7712,0.0102
"2591",0,"charter",648,-10.2712,0.0209
"2592",0,"pier",648,-1.2696,0.0789
"2593",0,"beach",649,-23.1472,0.5333
"2594",0,"boat",649,-1.5096,0.0361
"2595",1,"charter",649,-5.0096,0.4216
"2596",0,"pier",649,-23.1472,0.0069
"2597",1,"beach",650,-1.0296,0.0678
"2598",0,"boat",650,-4.6332,0.1643
"2599",0,"charter",650,-7.5332,0.5391
"2600",0,"pier",650,-1.0296,0.0789
"2601",0,"beach",651,-4.2112,0.1049
"2602",1,"boat",651,-0.7896,0.1574
"2603",0,"charter",651,-3.1896,0.4671
"2604",0,"pier",651,-4.2112,0.0451
"2605",0,"beach",652,-23.1472,0.5333
"2606",0,"boat",652,-1.5096,0.1665
"2607",1,"charter",652,-5.0096,0.3975
"2608",0,"pier",652,-23.1472,0.4522
"2617",0,"beach",655,-1.0296,0.0678
"2618",0,"boat",655,-4.6332,0.1643
"2619",0,"charter",655,-7.5332,0.5391
"2620",1,"pier",655,-1.0296,0.0789
"2621",1,"beach",656,-0.5496,0.0678
"2622",0,"boat",656,-2.4732,0.1643
"2623",0,"charter",656,-5.3732,0.5391
"2624",0,"pier",656,-0.5496,0.0789
"2625",0,"beach",657,-20.2112,0.1049
"2626",1,"boat",657,-3.7896,0.0238
"2627",0,"charter",657,-6.1896,0.0468
"2628",0,"pier",657,-20.2112,0.0451
"2629",0,"beach",658,-7.8732,0.0678
"2630",0,"boat",658,-7.8732,0.2601
"2631",0,"charter",658,-10.3732,0.5391
"2632",1,"pier",658,-7.8732,0.0503
"2633",0,"beach",659,-26.8272,0.5333
"2634",1,"boat",659,-1.7496,0.2413
"2635",0,"charter",659,-5.2496,1.0266
"2636",0,"pier",659,-26.8272,0.4522
"2641",0,"beach",661,-3.687,0.2537
"2642",0,"boat",661,-12.29,0.2339
"2643",0,"charter",661,-14.14,0.6288
"2644",1,"pier",661,-3.687,0.1498
"2673",0,"beach",669,-25.264,0.0678
"2674",1,"boat",669,-4.737,0.0102
"2675",0,"charter",669,-8.237,0.0209
"2676",0,"pier",669,-25.264,0.0789
"2685",0,"beach",672,-16.0816,0.0678
"2686",1,"boat",672,-1.587,0.0143
"2687",0,"charter",672,-4.537,0.0289
"2688",0,"pier",672,-16.0816,0.0503
"2693",0,"beach",674,-8.464,0.0678
"2694",1,"boat",674,-1.587,0.0102
"2695",0,"charter",674,-5.087,0.0209
"2696",0,"pier",674,-8.464,0.0789
"2701",1,"beach",676,-0.987,0.2537
"2702",0,"boat",676,-3.29,0.2339
"2703",0,"charter",676,-5.14,0.6288
"2704",0,"pier",676,-0.987,0.1498
"2705",0,"beach",677,-10.064,0.0678
"2706",0,"boat",677,-1.887,0.0897
"2707",1,"charter",677,-5.387,1.0905
"2708",0,"pier",677,-10.064,0.0789
"2717",0,"beach",680,-19.1216,0.0678
"2718",1,"boat",680,-1.887,0.0143
"2719",0,"charter",680,-4.837,0.0289
"2720",0,"pier",680,-19.1216,0.0503
"2725",0,"beach",682,-10.064,0.0678
"2726",1,"boat",682,-1.887,0.0102
"2727",0,"charter",682,-5.387,0.0209
"2728",0,"pier",682,-10.064,0.0789
"2737",0,"beach",685,-3.664,0.0678
"2738",0,"boat",685,-0.687,0.0559
"2739",1,"charter",685,-4.187,0.6456
"2740",0,"pier",685,-3.664,0.0789
"2741",0,"beach",686,-5.264,0.0678
"2742",0,"boat",686,-0.987,0.0102
"2743",1,"charter",686,-4.487,0.0209
"2744",0,"pier",686,-5.264,0.0789
"2745",1,"beach",687,-1.287,0.2537
"2746",0,"boat",687,-4.29,0.2339
"2747",0,"charter",687,-6.14,0.6288
"2748",0,"pier",687,-1.287,0.1498
"2749",0,"beach",688,-4.737,0.2537
"2750",0,"boat",688,-15.79,0.2339
"2751",0,"charter",688,-17.64,0.6288
"2752",1,"pier",688,-4.737,0.1498
"2753",1,"beach",689,-2.787,0.2537
"2754",0,"boat",689,-9.29,0.2339
"2755",0,"charter",689,-11.14,0.6288
"2756",0,"pier",689,-2.787,0.1498
"2757",0,"beach",690,-1.887,0.2537
"2758",0,"boat",690,-6.29,0.2339
"2759",0,"charter",690,-8.14,0.6288
"2760",1,"pier",690,-1.887,0.1498
"2761",0,"beach",691,-16.0816,0.0678
"2762",0,"boat",691,-1.587,0.0016
"2763",1,"charter",691,-4.537,0.1176
"2764",0,"pier",691,-16.0816,0.0503
"2765",0,"beach",692,-16.464,0.0678
"2766",0,"boat",692,-3.087,0.0897
"2767",1,"charter",692,-6.587,1.0905
"2768",0,"pier",692,-16.464,0.0789
"2773",0,"beach",694,-8.464,0.0678
"2774",1,"boat",694,-1.587,0.0102
"2775",0,"charter",694,-5.087,0.0209
"2776",0,"pier",694,-8.464,0.0789
"2777",0,"beach",695,-2.487,0.2537
"2778",0,"boat",695,-17.2432,0.6817
"2779",1,"charter",695,-19.7432,2.3014
"2780",0,"pier",695,-2.487,0.1498
"2781",1,"beach",696,-1.287,0.2537
"2782",0,"boat",696,-4.29,0.0082
"2783",0,"charter",696,-6.14,0.0044
"2784",0,"pier",696,-1.287,0.1498
"2785",0,"beach",697,-11.664,0.0678
"2786",1,"boat",697,-2.187,0.0897
"2787",0,"charter",697,-5.687,1.0905
"2788",0,"pier",697,-11.664,0.0789
"2789",0,"beach",698,-3.387,0.2537
"2790",0,"boat",698,-11.29,0.2339
"2791",0,"charter",698,-13.14,0.6288
"2792",1,"pier",698,-3.387,0.1498
"2797",0,"beach",700,-25.2016,0.0678
"2798",1,"boat",700,-2.487,0.0143
"2799",0,"charter",700,-5.437,0.0289
"2800",0,"pier",700,-25.2016,0.0503
"2801",0,"beach",701,-2.487,0.2537
"2802",0,"boat",701,-8.29,0.2339
"2803",0,"charter",701,-10.14,0.6288
"2804",1,"pier",701,-2.487,0.1498
"2805",0,"beach",702,-10.064,0.0678
"2806",1,"boat",702,-1.887,0.0559
"2807",0,"charter",702,-5.387,0.6456
"2808",0,"pier",702,-10.064,0.0789
"2829",1,"beach",708,-2.787,0.2537
"2830",0,"boat",708,-12.077,0.0233
"2831",0,"charter",708,-13.927,0.0219
"2832",0,"pier",708,-2.787,0.1498
"2833",1,"beach",709,-0.987,0.2537
"2834",0,"boat",709,-4.277,0.0233
"2835",0,"charter",709,-6.127,0.0219
"2836",0,"pier",709,-0.987,0.1498
"2869",0,"beach",718,-8.464,0.0678
"2870",0,"boat",718,-1.587,0.0108
"2871",1,"charter",718,-5.087,0.2377
"2872",0,"pier",718,-8.464,0.0025
"2885",0,"beach",722,-14.864,0.0678
"2886",0,"boat",722,-2.787,0.0102
"2887",1,"charter",722,-6.287,0.0209
"2888",0,"pier",722,-14.864,0.0789
"2889",0,"beach",723,-18.064,0.0678
"2890",1,"boat",723,-3.387,0.0559
"2891",0,"charter",723,-6.887,0.6456
"2892",0,"pier",723,-18.064,0.0789
"2897",0,"beach",725,-22.1616,0.0678
"2898",1,"boat",725,-2.187,0.0143
"2899",0,"charter",725,-5.137,0.0289
"2900",0,"pier",725,-22.1616,0.0503
"2913",0,"beach",729,-3.087,0.2537
"2914",0,"boat",729,-10.29,0.2339
"2915",0,"charter",729,-12.14,0.6288
"2916",1,"pier",729,-3.087,0.1498
"2917",0,"beach",730,-28.2416,0.0678
"2918",1,"boat",730,-2.787,0.0143
"2919",0,"charter",730,-5.737,0.0289
"2920",0,"pier",730,-28.2416,0.0503
"2929",0,"beach",733,-11.664,0.0678
"2930",0,"boat",733,-2.187,0.0897
"2931",1,"charter",733,-5.687,1.0905
"2932",0,"pier",733,-11.664,0.0789
"2933",0,"beach",734,-14.864,0.0678
"2934",1,"boat",734,-2.787,0.0559
"2935",0,"charter",734,-6.287,0.6456
"2936",0,"pier",734,-14.864,0.0789
"2937",0,"beach",735,-1.887,0.2537
"2938",0,"boat",735,-6.29,0.0233
"2939",0,"charter",735,-8.14,0.0219
"2940",1,"pier",735,-1.887,0.1498
"2945",0,"beach",737,-10.064,0.0678
"2946",1,"boat",737,-1.887,0.0108
"2947",0,"charter",737,-5.387,0.2377
"2948",0,"pier",737,-10.064,0.0025
"2957",0,"beach",740,-8.464,0.0678
"2958",0,"boat",740,-1.587,0.0897
"2959",1,"charter",740,-5.087,1.0905
"2960",0,"pier",740,-8.464,0.0789
"2969",1,"beach",743,-1.887,0.2537
"2970",0,"boat",743,-6.29,0.2339
"2971",0,"charter",743,-8.14,0.6288
"2972",0,"pier",743,-1.887,0.1498
"2977",0,"beach",745,-1.587,0.2537
"2978",0,"boat",745,-5.29,0.0233
"2979",0,"charter",745,-7.14,0.0219
"2980",1,"pier",745,-1.587,0.1498
"2985",0,"beach",747,-0.987,0.2537
"2986",0,"boat",747,-3.29,0.0233
"2987",0,"charter",747,-5.14,0.0219
"2988",1,"pier",747,-0.987,0.1498
"3005",0,"beach",752,-1.287,0.2537
"3006",0,"boat",752,-4.29,0.0233
"3007",0,"charter",752,-6.14,0.0219
"3008",1,"pier",752,-1.287,0.1498
"3009",0,"beach",753,-18.064,0.0678
"3010",1,"boat",753,-3.387,0.0102
"3011",0,"charter",753,-6.887,0.0209
"3012",0,"pier",753,-18.064,0.0789
"3025",1,"beach",757,-0.987,0.2537
"3026",0,"boat",757,-3.29,0.2339
"3027",0,"charter",757,-5.14,0.6288
"3028",0,"pier",757,-0.987,0.1498
"3029",0,"beach",758,-14.864,0.0678
"3030",1,"boat",758,-2.787,0.0102
"3031",0,"charter",758,-6.287,0.0209
"3032",0,"pier",758,-14.864,0.0789
"3041",0,"beach",761,-22.864,0.0678
"3042",1,"boat",761,-4.287,0.0102
"3043",0,"charter",761,-7.787,0.0209
"3044",0,"pier",761,-22.864,0.0789
"3053",0,"beach",764,-16.0816,0.0678
"3054",1,"boat",764,-1.587,0.0143
"3055",0,"charter",764,-4.537,0.0289
"3056",0,"pier",764,-16.0816,0.0503
"3057",0,"beach",765,-11.664,0.0678
"3058",1,"boat",765,-2.187,0.0102
"3059",0,"charter",765,-5.687,0.0209
"3060",0,"pier",765,-11.664,0.0789
"3061",0,"beach",766,-8.464,0.0678
"3062",0,"boat",766,-1.587,0.0897
"3063",1,"charter",766,-5.087,1.0905
"3064",0,"pier",766,-8.464,0.0789
"3065",0,"beach",767,-1.287,0.2537
"3066",0,"boat",767,-4.29,0.0233
"3067",0,"charter",767,-6.14,0.0219
"3068",1,"pier",767,-1.287,0.1498
"3085",0,"beach",772,-0.387,0.2537
"3086",0,"boat",772,-1.29,0.2339
"3087",0,"charter",772,-3.14,0.6288
"3088",1,"pier",772,-0.387,0.1498
"3093",0,"beach",774,-8.464,0.0678
"3094",0,"boat",774,-1.587,0.0559
"3095",1,"charter",774,-5.087,0.6456
"3096",0,"pier",774,-8.464,0.0789
"3097",1,"beach",775,-0.987,0.2537
"3098",0,"boat",775,-3.29,0.0233
"3099",0,"charter",775,-5.14,0.0219
"3100",0,"pier",775,-0.987,0.1498
"3109",0,"beach",778,-10.777,0.0678
"3110",0,"boat",778,-4.974,0.0559
"3111",1,"charter",778,-8.474,0.6456
"3112",0,"pier",778,-10.777,0.0789
"3113",0,"beach",779,-7.8302,0.5333
"3114",1,"boat",779,-4.277,0.0361
"3115",0,"charter",779,-7.777,0.4216
"3116",0,"pier",779,-7.8302,0.0069
"3117",0,"beach",780,-12.077,0.0678
"3118",0,"boat",780,-5.574,0.0897
"3119",1,"charter",780,-9.074,1.0905
"3120",0,"pier",780,-12.077,0.0789
"3133",0,"beach",784,-5.577,0.0678
"3134",0,"boat",784,-2.574,0.0102
"3135",1,"charter",784,-6.074,0.0209
"3136",0,"pier",784,-5.577,0.0789
"3141",0,"beach",786,-4.374,0.2537
"3142",0,"boat",786,-5.2488,0.2339
"3143",0,"charter",786,-7.0988,0.6288
"3144",1,"pier",786,-4.374,0.1498
"3145",0,"beach",787,-9.477,0.0678
"3146",1,"boat",787,-4.374,0.0559
"3147",0,"charter",787,-7.874,0.6456
"3148",0,"pier",787,-9.477,0.0789
"3149",0,"beach",788,-8.177,0.0678
"3150",0,"boat",788,-3.774,0.0102
"3151",1,"charter",788,-7.274,0.0209
"3152",0,"pier",788,-8.177,0.0789
"3153",0,"beach",789,-10.777,0.0678
"3154",0,"boat",789,-4.974,0.0559
"3155",1,"charter",789,-8.474,0.6456
"3156",0,"pier",789,-10.777,0.0789
"3157",0,"beach",790,-10.8966,0.0678
"3158",0,"boat",790,-2.574,0.0143
"3159",1,"charter",790,-5.524,0.0289
"3160",0,"pier",790,-10.8966,0.0503
"3161",0,"beach",791,-2.574,0.2537
"3162",0,"boat",791,-3.0888,0.0082
"3163",0,"charter",791,-4.9388,0.0044
"3164",1,"pier",791,-2.574,0.1498
"3177",0,"beach",795,-6.877,0.0678
"3178",0,"boat",795,-3.174,0.0897
"3179",1,"charter",795,-6.674,1.0905
"3180",0,"pier",795,-6.877,0.0789
"3189",0,"beach",798,-6.877,0.0678
"3190",1,"boat",798,-3.174,0.0108
"3191",0,"charter",798,-6.674,0.2377
"3192",0,"pier",798,-6.877,0.0025
"3193",0,"beach",799,-10.777,0.0678
"3194",0,"boat",799,-4.974,0.0559
"3195",1,"charter",799,-8.474,0.6456
"3196",0,"pier",799,-10.777,0.0789
"3197",0,"beach",800,-9.477,0.0678
"3198",1,"boat",800,-4.374,0.0108
"3199",0,"charter",800,-7.874,0.2377
"3200",0,"pier",800,-9.477,0.0025
"3201",0,"beach",801,-2.977,0.0678
"3202",1,"boat",801,-1.374,0.0559
"3203",0,"charter",801,-4.874,0.6456
"3204",0,"pier",801,-2.977,0.0789
"3213",0,"beach",804,-7.9794,0.0678
"3214",0,"boat",804,-1.287,0.0559
"3215",1,"charter",804,-4.787,0.6456
"3216",0,"pier",804,-7.9794,0.0789
"3221",0,"beach",806,-15.4194,0.0678
"3222",1,"boat",806,-2.487,0.0897
"3223",0,"charter",806,-5.987,1.0905
"3224",0,"pier",806,-15.4194,0.0789
"3225",0,"beach",807,-4.2594,0.0678
"3226",0,"boat",807,-0.687,0.0559
"3227",1,"charter",807,-4.187,0.6456
"3228",0,"pier",807,-4.2594,0.0789
"3229",1,"beach",808,-2.487,0.2537
"3230",0,"boat",808,-10.777,0.0082
"3231",0,"charter",808,-12.627,0.0044
"3232",0,"pier",808,-2.487,0.1498
"3241",0,"beach",811,-1.287,0.2537
"3242",0,"boat",811,-5.577,0.2339
"3243",0,"charter",811,-7.427,0.6288
"3244",1,"pier",811,-1.287,0.1498
"3249",1,"beach",813,-2.787,0.2537
"3250",0,"boat",813,-12.077,0.2339
"3251",0,"charter",813,-13.927,0.6288
"3252",0,"pier",813,-2.787,0.1498
"3261",0,"beach",816,-8.0608,0.0678
"3262",1,"boat",816,-0.687,0.0143
"3263",0,"charter",816,-3.637,0.0289
"3264",0,"pier",816,-8.0608,0.0503
"3269",1,"beach",818,-3.687,0.2537
"3270",0,"boat",818,-15.977,0.2339
"3271",0,"charter",818,-17.827,0.6288
"3272",0,"pier",818,-3.687,0.1498
"3273",1,"beach",819,-1.287,0.2537
"3274",0,"boat",819,-5.577,0.0082
"3275",0,"charter",819,-7.427,0.0044
"3276",0,"pier",819,-1.287,0.1498
"3289",0,"beach",823,-15.4194,0.0678
"3290",1,"boat",823,-2.487,0.0102
"3291",0,"charter",823,-5.987,0.0209
"3292",0,"pier",823,-15.4194,0.0789
"3329",0,"beach",833,-55.5808,0.0678
"3330",1,"boat",833,-4.737,0.0732
"3331",0,"charter",833,-7.687,0.1726
"3332",0,"pier",833,-55.5808,0.0052
"3341",0,"beach",836,-9.8394,0.0678
"3342",1,"boat",836,-1.587,0.0559
"3343",0,"charter",836,-5.087,0.6456
"3344",0,"pier",836,-9.8394,0.0789
"3345",0,"beach",837,-11.5808,0.0678
"3346",1,"boat",837,-0.987,0.0143
"3347",0,"charter",837,-3.937,0.0289
"3348",0,"pier",837,-11.5808,0.0503
"3349",0,"beach",838,-8.0608,0.0678
"3350",0,"boat",838,-0.687,0.1082
"3351",1,"charter",838,-3.637,0.324
"3352",0,"pier",838,-8.0608,0.0503
"3353",0,"beach",839,-7.9794,0.0678
"3354",0,"boat",839,-1.287,0.0102
"3355",1,"charter",839,-4.787,0.0209
"3356",0,"pier",839,-7.9794,0.0789
"3369",0,"beach",843,-9.8394,0.0678
"3370",1,"boat",843,-1.587,0.0559
"3371",0,"charter",843,-5.087,0.6456
"3372",0,"pier",843,-9.8394,0.0789
"3373",0,"beach",844,-1.287,0.2537
"3374",0,"boat",844,-5.577,0.2339
"3375",0,"charter",844,-7.427,0.6288
"3376",1,"pier",844,-1.287,0.1498
"3377",1,"beach",845,-2.187,0.2537
"3378",0,"boat",845,-9.477,0.0233
"3379",0,"charter",845,-11.327,0.0219
"3380",0,"pier",845,-2.187,0.1498
"3393",0,"beach",849,-2.487,0.2537
"3394",0,"boat",849,-10.777,0.2339
"3395",0,"charter",849,-12.627,0.6288
"3396",1,"pier",849,-2.487,0.1498
"3401",0,"beach",851,-2.3994,0.0678
"3402",1,"boat",851,-0.387,0.0559
"3403",0,"charter",851,-3.887,0.6456
"3404",0,"pier",851,-2.3994,0.0789
"3405",0,"beach",852,-9.8394,0.0678
"3406",0,"boat",852,-1.587,0.0102
"3407",1,"charter",852,-5.087,0.0209
"3408",0,"pier",852,-9.8394,0.0789
"3417",0,"beach",855,-8.0608,0.0678
"3418",1,"boat",855,-0.687,0.0732
"3419",0,"charter",855,-3.637,0.1726
"3420",0,"pier",855,-8.0608,0.0052
"3425",0,"beach",857,-8.0608,0.0678
"3426",1,"boat",857,-0.687,0.0143
"3427",0,"charter",857,-3.637,0.0289
"3428",0,"pier",857,-8.0608,0.0503
"3433",0,"beach",859,-11.5808,0.0678
"3434",0,"boat",859,-11.5808,0.2601
"3435",1,"charter",859,-14.0808,0.5391
"3436",0,"pier",859,-11.5808,0.0503
"3449",0,"beach",863,-4.2594,0.0678
"3450",0,"boat",863,-0.687,0.0559
"3451",1,"charter",863,-4.187,0.6456
"3452",0,"pier",863,-4.2594,0.0789
"3453",0,"beach",864,-25.6608,0.0678
"3454",1,"boat",864,-2.187,0.1082
"3455",0,"charter",864,-5.137,0.324
"3456",0,"pier",864,-25.6608,0.0503
"3457",0,"beach",865,-0.387,0.2537
"3458",0,"boat",865,-1.677,0.0233
"3459",0,"charter",865,-3.527,0.0219
"3460",1,"pier",865,-0.387,0.1498
"3469",0,"beach",868,-32.7008,0.0678
"3470",1,"boat",868,-2.787,0.0143
"3471",0,"charter",868,-5.737,0.0289
"3472",0,"pier",868,-32.7008,0.0503
"3481",1,"beach",871,-3.1144,0.5333
"3482",0,"boat",871,-7.0532,0.0156
"3483",0,"charter",871,-10.5532,0.0058
"3484",0,"pier",871,-3.1144,0.4522
"3485",0,"beach",872,-3.5724,0.2537
"3486",1,"boat",872,-3.1144,0.6817
"3487",0,"charter",872,-5.6144,2.3014
"3488",0,"pier",872,-3.5724,0.1498
"3489",1,"beach",873,-12.1836,0.5333
"3490",0,"boat",873,-20.3346,0.0156
"3491",0,"charter",873,-23.8346,0.0058
"3492",0,"pier",873,-12.1836,0.4522
"3505",0,"beach",877,-12.8018,0.2537
"3506",0,"boat",877,-13.9656,0.6817
"3507",1,"charter",877,-16.4656,2.3014
"3508",0,"pier",877,-12.8018,0.1498
"3509",0,"beach",878,-5.7246,0.2537
"3510",0,"boat",878,-0.987,0.0531
"3511",1,"charter",878,-3.487,0.0052
"3512",0,"pier",878,-5.7246,0.1498
"3513",0,"beach",879,-2.2446,0.2537
"3514",1,"boat",879,-0.387,0.7369
"3515",0,"charter",879,-2.887,2.3101
"3516",0,"pier",879,-2.2446,0.1498
"3529",0,"beach",883,-2.2446,0.2537
"3530",0,"boat",883,-0.387,0.6817
"3531",1,"charter",883,-2.887,2.3014
"3532",0,"pier",883,-2.2446,0.1498
"3533",0,"beach",884,-7.4646,0.2537
"3534",1,"boat",884,-1.287,0.7369
"3535",0,"charter",884,-3.787,2.3101
"3536",0,"pier",884,-7.4646,0.1498
"3537",1,"beach",885,-0.987,0.5333
"3538",0,"boat",885,-12.173,0.2413
"3539",0,"charter",885,-15.673,1.0266
"3540",0,"pier",885,-0.987,0.4522
"3545",0,"beach",887,-16.1646,0.2537
"3546",1,"boat",887,-2.787,0.0531
"3547",0,"charter",887,-5.287,0.0052
"3548",0,"pier",887,-16.1646,0.1498
"3549",0,"beach",888,-5.7246,0.2537
"3550",0,"boat",888,-0.987,0.6817
"3551",1,"charter",888,-3.487,2.3014
"3552",0,"pier",888,-5.7246,0.1498
"3561",0,"beach",891,-2.2446,0.2537
"3562",1,"boat",891,-0.387,0.6817
"3563",0,"charter",891,-2.887,2.3014
"3564",0,"pier",891,-2.2446,0.1498
"3573",0,"beach",894,-5.7246,0.2537
"3574",1,"boat",894,-0.987,0.6817
"3575",0,"charter",894,-3.487,2.3014
"3576",0,"pier",894,-5.7246,0.1498
"3577",0,"beach",895,-16.1646,0.2537
"3578",1,"boat",895,-2.787,0.6817
"3579",0,"charter",895,-5.287,2.3014
"3580",0,"pier",895,-16.1646,0.1498
"3581",1,"beach",896,-1.587,0.5333
"3582",0,"boat",896,-19.573,0.0156
"3583",0,"charter",896,-23.073,0.0058
"3584",0,"pier",896,-1.587,0.4522
"3585",0,"beach",897,-1.287,0.5333
"3586",0,"boat",897,-15.873,0.2413
"3587",0,"charter",897,-19.373,1.0266
"3588",1,"pier",897,-1.287,0.4522
"3601",0,"beach",901,-5.7246,0.2537
"3602",1,"boat",901,-0.987,0.0531
"3603",0,"charter",901,-3.487,0.0052
"3604",0,"pier",901,-5.7246,0.1498
"3605",0,"beach",902,-17.6344,0.0678
"3606",1,"boat",902,-5.7246,0.0143
"3607",0,"charter",902,-8.6746,0.0289
"3608",0,"pier",902,-17.6344,0.0503
"3609",0,"beach",903,-7.4646,0.2537
"3610",1,"boat",903,-1.287,0.6817
"3611",0,"charter",903,-3.787,2.3014
"3612",0,"pier",903,-7.4646,0.1498
"3621",0,"beach",906,-0.687,0.5333
"3622",0,"boat",906,-8.473,0.2413
"3623",0,"charter",906,-11.973,1.0266
"3624",1,"pier",906,-0.687,0.4522
"3633",0,"beach",909,-28.3544,0.0678
"3634",1,"boat",909,-9.2046,0.0143
"3635",0,"charter",909,-12.1546,0.0289
"3636",0,"pier",909,-28.3544,0.0503
"3637",0,"beach",910,-7.4646,0.2537
"3638",1,"boat",910,-1.287,0.6817
"3639",0,"charter",910,-3.787,2.3014
"3640",0,"pier",910,-7.4646,0.1498
"3641",0,"beach",911,-7.4646,0.2537
"3642",1,"boat",911,-1.287,0.0531
"3643",0,"charter",911,-3.787,0.0052
"3644",0,"pier",911,-7.4646,0.1498
"3645",0,"beach",912,-5.7246,0.2537
"3646",0,"boat",912,-0.987,0.6817
"3647",1,"charter",912,-3.487,2.3014
"3648",0,"pier",912,-5.7246,0.1498
"3657",0,"beach",915,-14.4246,0.2537
"3658",1,"boat",915,-2.487,0.6817
"3659",0,"charter",915,-4.987,2.3014
"3660",0,"pier",915,-14.4246,0.1498
"3661",0,"beach",916,-14.4246,0.2537
"3662",1,"boat",916,-2.487,0.6817
"3663",0,"charter",916,-4.987,2.3014
"3664",0,"pier",916,-14.4246,0.1498
"3665",0,"beach",917,-10.9446,0.2537
"3666",1,"boat",917,-1.887,0.0531
"3667",0,"charter",917,-4.387,0.0052
"3668",0,"pier",917,-10.9446,0.1498
"3669",0,"beach",918,-3.9846,0.2537
"3670",1,"boat",918,-0.687,0.0531
"3671",0,"charter",918,-3.187,0.0052
"3672",0,"pier",918,-3.9846,0.1498
"3673",0,"beach",919,-5.7246,0.2537
"3674",1,"boat",919,-0.987,0.0531
"3675",0,"charter",919,-3.487,0.0052
"3676",0,"pier",919,-5.7246,0.1498
"3677",1,"beach",920,-2.787,0.5333
"3678",0,"boat",920,-34.373,0.2413
"3679",0,"charter",920,-37.873,1.0266
"3680",0,"pier",920,-2.787,0.4522
"3681",0,"beach",921,-9.2046,0.2537
"3682",0,"boat",921,-1.587,0.6817
"3683",1,"charter",921,-4.087,2.3014
"3684",0,"pier",921,-9.2046,0.1498
"3689",0,"beach",923,-1.5096,0.5333
"3690",1,"boat",923,-21.386,0.0361
"3691",0,"charter",923,-24.886,0.4216
"3692",0,"pier",923,-1.5096,0.0069
"3693",0,"beach",924,-0.7896,0.5333
"3694",0,"boat",924,-11.186,0.0156
"3695",0,"charter",924,-14.686,0.0058
"3696",1,"pier",924,-0.7896,0.4522
"3697",1,"beach",925,-1.2696,0.5333
"3698",0,"boat",925,-17.986,0.0051
"3699",0,"charter",925,-21.486,1.0266
"3700",0,"pier",925,-1.2696,0.4522
"3705",0,"beach",927,-4.7376,0.2537
"3706",1,"boat",927,-0.7896,0.6817
"3707",0,"charter",927,-3.2896,2.3014
"3708",0,"pier",927,-4.7376,0.1498
"3709",1,"beach",928,-1.9896,0.5333
"3710",0,"boat",928,-28.186,0.2413
"3711",0,"charter",928,-31.686,1.0266
"3712",0,"pier",928,-1.9896,0.4522
"3725",0,"beach",932,-6.1776,0.2537
"3726",0,"boat",932,-1.0296,0.6817
"3727",1,"charter",932,-3.5296,2.3014
"3728",0,"pier",932,-6.1776,0.1498
"3729",0,"beach",933,-22.7376,0.2537
"3730",1,"boat",933,-3.7896,0.0531
"3731",0,"charter",933,-6.2896,0.0052
"3732",0,"pier",933,-22.7376,0.1498
"3741",0,"beach",936,-9.0576,0.2537
"3742",0,"boat",936,-1.5096,0.6817
"3743",1,"charter",936,-4.0096,2.3014
"3744",0,"pier",936,-9.0576,0.1498
"3745",1,"beach",937,-1.5096,0.5333
"3746",0,"boat",937,-21.386,0.2413
"3747",0,"charter",937,-24.886,1.0266
"3748",0,"pier",937,-1.5096,0.4522
"3749",1,"beach",938,-1.0296,0.5333
"3750",0,"boat",938,-14.586,0.2413
"3751",0,"charter",938,-18.086,1.0266
"3752",0,"pier",938,-1.0296,0.4522
"3753",0,"beach",939,-13.3776,0.2537
"3754",0,"boat",939,-2.2296,0.0531
"3755",1,"charter",939,-4.7296,0.0052
"3756",0,"pier",939,-13.3776,0.1498
"3757",0,"beach",940,-6.1776,0.2537
"3758",1,"boat",940,-1.0296,0.7369
"3759",0,"charter",940,-3.5296,2.3101
"3760",0,"pier",940,-6.1776,0.1498
"3765",1,"beach",942,-1.5096,0.5333
"3766",0,"boat",942,-21.386,0.2413
"3767",0,"charter",942,-24.886,1.0266
"3768",0,"pier",942,-1.5096,0.4522
"3773",0,"beach",944,-16.2576,0.2537
"3774",1,"boat",944,-2.7096,0.7369
"3775",0,"charter",944,-5.2096,2.3101
"3776",0,"pier",944,-16.2576,0.1498
"3777",0,"beach",945,-7.6176,0.2537
"3778",1,"boat",945,-1.2696,0.7369
"3779",0,"charter",945,-3.7696,2.3101
"3780",0,"pier",945,-7.6176,0.1498
"3785",1,"beach",947,-1.7496,0.5333
"3786",0,"boat",947,-24.786,0.0156
"3787",0,"charter",947,-28.286,0.0058
"3788",0,"pier",947,-1.7496,0.4522
"3805",1,"beach",952,-2.6598,0.5333
"3806",0,"boat",952,-17.2458,0.2413
"3807",0,"charter",952,-20.7458,1.0266
"3808",0,"pier",952,-2.6598,0.4522
"3809",0,"beach",953,-8.8374,0.2537
"3810",0,"boat",953,-2.6598,0.6817
"3811",1,"charter",953,-5.1598,2.3014
"3812",0,"pier",953,-8.8374,0.1498
"3813",0,"beach",954,-12.9574,0.2537
"3814",1,"boat",954,-3.8998,0.6817
"3815",0,"charter",954,-6.3998,2.3014
"3816",0,"pier",954,-12.9574,0.1498
"3825",1,"beach",957,-1.4198,0.5333
"3826",0,"boat",957,-9.2058,0.2413
"3827",0,"charter",957,-12.7058,1.0266
"3828",0,"pier",957,-1.4198,0.4522
"3837",0,"beach",960,-2.0398,0.5333
"3838",0,"boat",960,-13.2258,0.0156
"3839",0,"charter",960,-16.7258,0.0058
"3840",1,"pier",960,-2.0398,0.4522
"3849",0,"beach",963,-8.8374,0.2537
"3850",1,"boat",963,-2.6598,0.0531
"3851",0,"charter",963,-5.1598,0.0052
"3852",0,"pier",963,-8.8374,0.1498
"3861",0,"beach",966,-12.9574,0.2537
"3862",0,"boat",966,-3.8998,0.0531
"3863",1,"charter",966,-6.3998,0.0052
"3864",0,"pier",966,-12.9574,0.1498
"3881",0,"beach",971,-12.9574,0.2537
"3882",0,"boat",971,-3.8998,0.6817
"3883",1,"charter",971,-6.3998,2.3014
"3884",0,"pier",971,-12.9574,0.1498
"3885",0,"beach",972,-25.3174,0.2537
"3886",1,"boat",972,-7.6198,0.6817
"3887",0,"charter",972,-10.1198,2.3014
"3888",0,"pier",972,-25.3174,0.1498
"3889",0,"beach",973,-10.8974,0.2537
"3890",1,"boat",973,-3.2798,0.0531
"3891",0,"charter",973,-5.7798,0.0052
"3892",0,"pier",973,-10.8974,0.1498
"3893",0,"beach",974,-2.0398,0.5333
"3894",0,"boat",974,-13.2258,0.2413
"3895",0,"charter",974,-16.7258,1.0266
"3896",1,"pier",974,-2.0398,0.4522
"3913",1,"beach",979,-0.7998,0.5333
"3914",0,"boat",979,-5.1858,0.2413
"3915",0,"charter",979,-8.6858,1.0266
"3916",0,"pier",979,-0.7998,0.4522
"3917",0,"beach",980,-0.987,0.5333
"3918",0,"boat",980,-12.173,0.0156
"3919",0,"charter",980,-15.673,0.0058
"3920",1,"pier",980,-0.987,0.4522
"3921",1,"beach",981,-1.4476,0.2537
"3922",0,"boat",981,-6.251,0.0233
"3923",0,"charter",981,-8.101,0.0219
"3924",0,"pier",981,-1.4476,0.1498
"3929",0,"beach",983,-5.3586,0.2537
"3930",1,"boat",983,-0.4122,0.6817
"3931",0,"charter",983,-2.9122,2.3014
"3932",0,"pier",983,-5.3586,0.1498
"3933",0,"beach",984,-12.3786,0.2537
"3934",1,"boat",984,-0.9522,0.0531
"3935",0,"charter",984,-3.4522,0.0052
"3936",0,"pier",984,-12.3786,0.1498
"3945",0,"beach",987,-0.7896,0.5333
"3946",0,"boat",987,-11.186,0.2413
"3947",0,"charter",987,-14.686,1.0266
"3948",1,"pier",987,-0.7896,0.4522
"3953",0,"beach",989,-4.7376,0.2537
"3954",1,"boat",989,-0.7896,0.6817
"3955",0,"charter",989,-3.2896,2.3014
"3956",0,"pier",989,-4.7376,0.1498
"3961",0,"beach",991,-3.2976,0.2537
"3962",0,"boat",991,-0.5496,0.0531
"3963",1,"charter",991,-3.0496,0.0052
"3964",0,"pier",991,-3.2976,0.1498
"3965",0,"beach",992,-11.9376,0.2537
"3966",1,"boat",992,-1.9896,0.6817
"3967",0,"charter",992,-4.4896,2.3014
"3968",0,"pier",992,-11.9376,0.1498
"3973",0,"beach",994,-1.5096,0.5333
"3974",0,"boat",994,-21.386,0.2413
"3975",0,"charter",994,-24.886,1.0266
"3976",1,"pier",994,-1.5096,0.4522
"3981",0,"beach",996,-0.5496,0.5333
"3982",0,"boat",996,-7.786,0.2413
"3983",0,"charter",996,-11.286,1.0266
"3984",1,"pier",996,-0.5496,0.4522
"3985",0,"beach",997,-3.2976,0.2537
"3986",0,"boat",997,-0.5496,0.6817
"3987",1,"charter",997,-3.0496,2.3014
"3988",0,"pier",997,-3.2976,0.1498
"3997",0,"beach",1000,-6.1776,0.2537
"3998",1,"boat",1000,-1.0296,0.6817
"3999",0,"charter",1000,-3.5296,2.3014
"4000",0,"pier",1000,-6.1776,0.1498
"4005",0,"beach",1002,-0.5496,0.5333
"4006",0,"boat",1002,-7.786,0.2413
"4007",0,"charter",1002,-11.286,1.0266
"4008",1,"pier",1002,-0.5496,0.4522
"4009",0,"beach",1003,-1.8576,0.2537
"4010",1,"boat",1003,-0.3096,0.0531
"4011",0,"charter",1003,-2.8096,0.0052
"4012",0,"pier",1003,-1.8576,0.1498
"4013",0,"beach",1004,-9.0576,0.2537
"4014",1,"boat",1004,-1.5096,0.0531
"4015",0,"charter",1004,-4.0096,0.0052
"4016",0,"pier",1004,-9.0576,0.1498
"4017",1,"beach",1005,-7.6176,0.2537
"4018",0,"boat",1005,-13.9656,0.2339
"4019",0,"charter",1005,-15.8156,0.6288
"4020",0,"pier",1005,-7.6176,0.1498
"4029",1,"beach",1008,-0.5496,0.5333
"4030",0,"boat",1008,-7.786,0.1665
"4031",0,"charter",1008,-11.286,0.3975
"4032",0,"pier",1008,-0.5496,0.4522
"4033",0,"beach",1009,-4.7376,0.2537
"4034",0,"boat",1009,-8.6856,0.2339
"4035",0,"charter",1009,-10.5356,0.6288
"4036",1,"pier",1009,-4.7376,0.1498
"4041",0,"beach",1011,-3.7506,0.2537
"4042",1,"boat",1011,-0.329,0.6817
"4043",0,"charter",1011,-2.829,2.3014
"4044",0,"pier",1011,-3.7506,0.1498
"4057",0,"beach",1015,-0.629,0.5333
"4058",0,"boat",1015,-19.499,0.2413
"4059",0,"charter",1015,-22.999,1.0266
"4060",1,"pier",1015,-0.629,0.4522
"4061",0,"beach",1016,-24.334,0.0678
"4062",1,"boat",1016,-4.1262,0.0143
"4063",0,"charter",1016,-7.0762,0.0289
"4064",0,"pier",1016,-24.334,0.0503
"4065",0,"beach",1017,-5.6862,0.2537
"4066",1,"boat",1017,-3.645,0.0531
"4067",0,"charter",1017,-6.145,0.0052
"4068",0,"pier",1017,-5.6862,0.1498
"4069",0,"beach",1018,-4.9062,0.2537
"4070",0,"boat",1018,-14.9702,0.0082
"4071",0,"charter",1018,-16.8202,0.0044
"4072",1,"pier",1018,-4.9062,0.1498
"4077",0,"beach",1020,-2.5662,0.2537
"4078",1,"boat",1020,-1.645,0.6817
"4079",0,"charter",1020,-4.145,2.3014
"4080",0,"pier",1020,-2.5662,0.1498
"4081",0,"beach",1021,-21.4326,0.0678
"4082",1,"boat",1021,-5.6862,0.0102
"4083",0,"charter",1021,-9.1862,0.0209
"4084",0,"pier",1021,-21.4326,0.0789
"4089",1,"beach",1023,-1.145,0.5333
"4090",0,"boat",1023,-6.7326,0.2413
"4091",0,"charter",1023,-10.2326,1.0266
"4092",0,"pier",1023,-1.145,0.4522
"4101",0,"beach",1026,-8.0262,0.2537
"4102",0,"boat",1026,-5.145,0.6817
"4103",1,"charter",1026,-7.645,2.3014
"4104",0,"pier",1026,-8.0262,0.1498
"4105",0,"beach",1027,-9.6726,0.0678
"4106",1,"boat",1027,-2.5662,0.0102
"4107",0,"charter",1027,-6.0662,0.0209
"4108",0,"pier",1027,-9.6726,0.0789
"4109",1,"beach",1028,-2.645,0.5333
"4110",0,"boat",1028,-15.5526,0.2413
"4111",0,"charter",1028,-19.0526,1.0266
"4112",0,"pier",1028,-2.645,0.4522
"4121",1,"beach",1031,-2.145,0.5333
"4122",0,"boat",1031,-12.6126,0.2413
"4123",0,"charter",1031,-16.1126,1.0266
"4124",0,"pier",1031,-2.145,0.4522
"4125",0,"beach",1032,-3.3462,0.2537
"4126",0,"boat",1032,-2.145,0.0531
"4127",1,"charter",1032,-4.645,0.0052
"4128",0,"pier",1032,-3.3462,0.1498
"4137",0,"beach",1035,-1.7862,0.2537
"4138",0,"boat",1035,-5.4502,0.0233
"4139",0,"charter",1035,-7.3002,0.0219
"4140",1,"pier",1035,-1.7862,0.1498
"4153",0,"beach",1039,-34.1548,0.0678
"4154",1,"boat",1039,-3.6476,0.0143
"4155",0,"charter",1039,-6.5976,0.0289
"4156",0,"pier",1039,-34.1548,0.0503
"4165",0,"beach",1042,-7.4646,0.2537
"4166",0,"boat",1042,-1.287,0.6817
"4167",1,"charter",1042,-3.787,2.3014
"4168",0,"pier",1042,-7.4646,0.1498
"4177",0,"beach",1045,-9.2046,0.2537
"4178",0,"boat",1045,-1.587,0.0531
"4179",1,"charter",1045,-4.087,0.0052
"4180",0,"pier",1045,-9.2046,0.1498
"4181",0,"beach",1046,-9.0576,0.2537
"4182",0,"boat",1046,-1.5096,0.7369
"4183",1,"charter",1046,-4.0096,2.3101
"4184",0,"pier",1046,-9.0576,0.0014
"4185",0,"beach",1047,-6.1776,0.2537
"4186",0,"boat",1047,-1.0296,0.6817
"4187",1,"charter",1047,-3.5296,2.3014
"4188",0,"pier",1047,-6.1776,0.1498
"4193",0,"beach",1049,-1.5096,0.5333
"4194",0,"boat",1049,-21.386,0.2413
"4195",0,"charter",1049,-24.886,1.0266
"4196",1,"pier",1049,-1.5096,0.4522
"4205",0,"beach",1052,-7.6176,0.2537
"4206",1,"boat",1052,-1.2696,0.7369
"4207",0,"charter",1052,-3.7696,2.3101
"4208",0,"pier",1052,-7.6176,0.1498
"4213",0,"beach",1054,-0.7896,0.5333
"4214",0,"boat",1054,-11.186,0.2413
"4215",0,"charter",1054,-14.686,1.0266
"4216",1,"pier",1054,-0.7896,0.4522
"4221",0,"beach",1056,-10.4976,0.2537
"4222",0,"boat",1056,-1.7496,0.6817
"4223",1,"charter",1056,-4.2496,2.3014
"4224",0,"pier",1056,-10.4976,0.1498
"4225",0,"beach",1057,-0.7896,0.5333
"4226",0,"boat",1057,-11.186,0.2413
"4227",0,"charter",1057,-14.686,1.0266
"4228",1,"pier",1057,-0.7896,0.4522
"4233",0,"beach",1059,-16.6212,0.2537
"4234",1,"boat",1059,-5.2488,0.0531
"4235",0,"charter",1059,-7.7488,0.0052
"4236",0,"pier",1059,-16.6212,0.1498
"4237",0,"beach",1060,-1.6488,0.5333
"4238",0,"boat",1060,-9.7096,0.2413
"4239",0,"charter",1060,-13.2096,1.0266
"4240",1,"pier",1060,-1.6488,0.4522
"4277",0,"beach",1070,-18.9012,0.2537
"4278",0,"boat",1070,-5.9688,0.6817
"4279",1,"charter",1070,-8.4688,2.3014
"4280",0,"pier",1070,-18.9012,0.1498
"4281",0,"beach",1071,-5.2212,0.2537
"4282",0,"boat",1071,-1.6488,0.6817
"4283",1,"charter",1071,-4.1488,2.3014
"4284",0,"pier",1071,-5.2212,0.1498
"4297",0,"beach",1075,-6.1776,0.2537
"4298",1,"boat",1075,-1.0296,0.7369
"4299",0,"charter",1075,-3.5296,2.3101
"4300",0,"pier",1075,-6.1776,0.1498
"4305",0,"beach",1077,-1.2696,0.5333
"4306",0,"boat",1077,-17.986,0.2413
"4307",0,"charter",1077,-21.486,1.0266
"4308",1,"pier",1077,-1.2696,0.4522
"4313",0,"beach",1079,-4.7376,0.2537
"4314",0,"boat",1079,-0.7896,0.0531
"4315",1,"charter",1079,-3.2896,0.0052
"4316",0,"pier",1079,-4.7376,0.1498
"4317",0,"beach",1080,-3.2976,0.2537
"4318",1,"boat",1080,-0.5496,0.7369
"4319",0,"charter",1080,-3.0496,2.3101
"4320",0,"pier",1080,-3.2976,0.1498
"4321",0,"beach",1081,-1.0296,0.5333
"4322",0,"boat",1081,-14.586,0.2413
"4323",0,"charter",1081,-18.086,1.0266
"4324",1,"pier",1081,-1.0296,0.4522
"4325",0,"beach",1082,-26.7674,0.0678
"4326",1,"boat",1082,-7.6176,0.0143
"4327",0,"charter",1082,-10.5676,0.0289
"4328",0,"pier",1082,-26.7674,0.0503
"4341",0,"beach",1086,-22.7376,0.2537
"4342",1,"boat",1086,-3.7896,0.7369
"4343",0,"charter",1086,-6.2896,2.3101
"4344",0,"pier",1086,-22.7376,0.1498
"4353",0,"beach",1089,-6.1776,0.2537
"4354",0,"boat",1089,-1.0296,0.6817
"4355",1,"charter",1089,-3.5296,2.3014
"4356",0,"pier",1089,-6.1776,0.1498
"4365",0,"beach",1092,-3.2976,0.2537
"4366",1,"boat",1092,-0.5496,0.6817
"4367",0,"charter",1092,-3.0496,2.3014
"4368",0,"pier",1092,-3.2976,0.1498
"4369",0,"beach",1093,-4.7376,0.2537
"4370",0,"boat",1093,-0.7896,0.7369
"4371",1,"charter",1093,-3.2896,2.3101
"4372",0,"pier",1093,-4.7376,0.1498
"4377",0,"beach",1095,-9.7812,0.2537
"4378",1,"boat",1095,-3.0888,0.7369
"4379",0,"charter",1095,-5.5888,2.3101
"4380",0,"pier",1095,-9.7812,0.1498
"4381",0,"beach",1096,-1.6488,0.5333
"4382",0,"boat",1096,-9.7096,0.2413
"4383",0,"charter",1096,-13.2096,1.0266
"4384",1,"pier",1096,-1.6488,0.4522
"4389",0,"beach",1098,-7.5012,0.2537
"4390",0,"boat",1098,-2.3688,0.6817
"4391",1,"charter",1098,-4.8688,2.3014
"4392",0,"pier",1098,-7.5012,0.1498
"4397",0,"beach",1100,-6.3168,0.2537
"4398",1,"boat",1100,-1.5792,0.0531
"4399",0,"charter",1100,-4.0792,0.0052
"4400",0,"pier",1100,-6.3168,0.1498
"4405",0,"beach",1102,-0.429,0.5333
"4406",0,"boat",1102,-13.299,0.2413
"4407",0,"charter",1102,-16.799,1.0266
"4408",1,"pier",1102,-0.429,0.4522
"4417",1,"beach",1105,-9.4506,0.2537
"4418",0,"boat",1105,-19.3986,8e-04
"4419",0,"charter",1105,-21.2486,0.0027
"4420",0,"pier",1105,-9.4506,0.1498
"4425",0,"beach",1107,-3.7506,0.2537
"4426",0,"boat",1107,-0.329,0.6817
"4427",1,"charter",1107,-2.829,2.3014
"4428",0,"pier",1107,-3.7506,0.1498
"4429",0,"beach",1108,-4.8906,0.2537
"4430",0,"boat",1108,-0.429,0.6817
"4431",1,"charter",1108,-2.929,2.3014
"4432",0,"pier",1108,-4.8906,0.1498
"4437",0,"beach",1110,-6.0306,0.2537
"4438",0,"boat",1110,-0.529,0.6817
"4439",1,"charter",1110,-3.029,2.3014
"4440",0,"pier",1110,-6.0306,0.1498
"4457",1,"beach",1115,-0.629,0.5333
"4458",0,"boat",1115,-19.499,0.2413
"4459",0,"charter",1115,-22.999,1.0266
"4460",0,"pier",1115,-0.629,0.4522
"4461",0,"beach",1116,-4.8906,0.2537
"4462",0,"boat",1116,-0.429,0.6817
"4463",1,"charter",1116,-2.929,2.3014
"4464",0,"pier",1116,-4.8906,0.1498
"4493",1,"beach",1124,-0.929,0.5333
"4494",0,"boat",1124,-28.799,0.2413
"4495",0,"charter",1124,-32.299,1.0266
"4496",0,"pier",1124,-0.929,0.4522
"4501",0,"beach",1126,-0.529,0.5333
"4502",0,"boat",1126,-16.399,0.2413
"4503",0,"charter",1126,-19.899,1.0266
"4504",1,"pier",1126,-0.529,0.4522
"4505",0,"beach",1127,-0.429,0.5333
"4506",0,"boat",1127,-13.299,0.0156
"4507",0,"charter",1127,-16.799,0.0058
"4508",1,"pier",1127,-0.429,0.4522
"4525",0,"beach",1132,-4.8906,0.2537
"4526",0,"boat",1132,-0.429,0.7369
"4527",1,"charter",1132,-2.929,2.3101
"4528",0,"pier",1132,-4.8906,0.1498
"4529",0,"beach",1133,-11.7306,0.2537
"4530",1,"boat",1133,-1.029,0.7369
"4531",0,"charter",1133,-3.529,2.3101
"4532",0,"pier",1133,-11.7306,0.1498
"4533",0,"beach",1134,-7.1706,0.2537
"4534",1,"boat",1134,-0.629,0.6817
"4535",0,"charter",1134,-3.129,2.3014
"4536",0,"pier",1134,-7.1706,0.1498
"4537",0,"beach",1135,-3.7506,0.2537
"4538",0,"boat",1135,-7.6986,0.0233
"4539",0,"charter",1135,-9.5486,0.0219
"4540",1,"pier",1135,-3.7506,0.1498
"4561",0,"beach",1141,-7.1706,0.2537
"4562",1,"boat",1141,-0.629,0.6817
"4563",0,"charter",1141,-3.129,2.3014
"4564",0,"pier",1141,-7.1706,0.1498
"4565",0,"beach",1142,-0.429,0.5333
"4566",1,"boat",1142,-13.299,0.0156
"4567",0,"charter",1142,-16.799,0.0058
"4568",0,"pier",1142,-0.429,0.4522
"4569",0,"beach",1143,-0.529,0.5333
"4570",1,"boat",1143,-16.399,0.0361
"4571",0,"charter",1143,-19.899,0.4216
"4572",0,"pier",1143,-0.529,0.0069
"4589",0,"beach",1148,-8.3106,0.2537
"4590",0,"boat",1148,-0.729,0.6817
"4591",1,"charter",1148,-3.229,2.3014
"4592",0,"pier",1148,-8.3106,0.1498
"4597",0,"beach",1150,-9.4506,0.2537
"4598",0,"boat",1150,-0.829,0.6817
"4599",1,"charter",1150,-3.329,2.3014
"4600",0,"pier",1150,-9.4506,0.1498
"4605",0,"beach",1152,-16.399,0.0678
"4606",1,"boat",1152,-6.0306,0.0102
"4607",0,"charter",1152,-9.5306,0.0209
"4608",0,"pier",1152,-16.399,0.0789
"4641",0,"beach",1161,-25.9148,0.0678
"4642",1,"boat",1161,-2.7676,0.0143
"4643",0,"charter",1161,-5.7176,0.0289
"4644",0,"pier",1161,-25.9148,0.0503
"4645",0,"beach",1162,-3.2076,0.2537
"4646",0,"boat",1162,-4.9572,0.6817
"4647",1,"charter",1162,-7.4572,2.3014
"4648",0,"pier",1162,-3.2076,0.1498
"4653",0,"beach",1164,-2.3276,0.2537
"4654",0,"boat",1164,-10.051,0.0082
"4655",0,"charter",1164,-11.901,0.0044
"4656",1,"pier",1164,-2.3276,0.1498
"4661",0,"beach",1166,-9.7812,0.2537
"4662",0,"boat",1166,-3.0888,0.6817
"4663",1,"charter",1166,-5.5888,2.3014
"4664",0,"pier",1166,-9.7812,0.1498
"4669",1,"beach",1168,-2.3688,0.5333
"4670",0,"boat",1168,-13.9496,0.0156
"4671",0,"charter",1168,-17.4496,0.0058
"4672",0,"pier",1168,-2.3688,0.4522
"4685",0,"beach",1172,-16.4834,0.0678
"4686",1,"boat",1172,-15.5802,0.0108
"4687",0,"charter",1172,-19.0802,0.2377
"4688",0,"pier",1172,-16.4834,0.0025
"4689",0,"beach",1173,-4.5402,0.2537
"4690",0,"boat",1173,-4.5402,0.0233
"4691",1,"charter",1173,-6.3902,0.0219
"4692",0,"pier",1173,-4.5402,0.1498
"4693",1,"beach",1174,-6.2634,0.0678
"4694",0,"boat",1174,-12.3552,0.0014
"4695",0,"charter",1174,-15.2552,0.0029
"4696",0,"pier",1174,-6.2634,0.0789
"4697",0,"beach",1175,-9.1834,0.0678
"4698",1,"boat",1175,-8.6802,0.0102
"4699",0,"charter",1175,-12.1802,0.0209
"4700",0,"pier",1175,-9.1834,0.0789
"4705",1,"beach",1177,-12.1836,0.5333
"4706",0,"boat",1177,-20.3346,0.2413
"4707",0,"charter",1177,-23.8346,1.0266
"4708",0,"pier",1177,-12.1836,0.4522
"4709",0,"beach",1178,-15.0236,0.5333
"4710",0,"boat",1178,-25.0746,0.2413
"4711",0,"charter",1178,-28.5746,1.0266
"4712",1,"pier",1178,-15.0236,0.4522
"4713",1,"beach",1179,-23.5436,0.5333
"4714",0,"boat",1179,-39.2946,0.2413
"4715",0,"charter",1179,-42.7946,1.0266
"4716",0,"pier",1179,-23.5436,0.4522
"4717",0,"beach",1180,-6.5036,0.5333
"4718",0,"boat",1180,-10.8546,0.2413
"4719",0,"charter",1180,-14.3546,1.0266
"4720",1,"pier",1180,-6.5036,0.4522
"4721",1,"beach",1181,-3.6636,0.5333
"4722",0,"boat",1181,-6.1146,0.1665
"4723",0,"charter",1181,-9.6146,0.3975
"4724",0,"pier",1181,-3.6636,0.4522
"4725",0,"beach",1182,-33.989,0.2537
"4726",1,"boat",1182,-23.5436,0.6817
"4727",0,"charter",1182,-26.0436,2.3014
"4728",0,"pier",1182,-33.989,0.1498
